1614 4301
2933447393 827801822
2480714952 3190738517
8.85868E+17 487119609
1546188247 503776268
595286659 235261861
8.12425E+17 4263007693
1.01182E+18 166348278
3229475660 235261861
1.00735E+18 235261861
1.17461E+18 1.01491E+18
3537604512 8.44153E+17
2279320206 827801822
7.57023E+17 226310002
1823987821 899690604
3693824417 8.15555E+17
1.01182E+18 1.03855E+18
8.85868E+17 3867945679
1.00423E+18 92026573
1431013098 1.07364E+18
14629263 84618490
1.01182E+18 2282270222
222783442 2369530147
1.01182E+18 7.18404E+17
1.01182E+18 176883031
9.30872E+17 827801822
1544562601 229638179
1.01182E+18 3579405317
1.07501E+18 19166519
1.20413E+18 1.01491E+18
9.84892E+17 2369530147
2365729350 235261861
754517918 8.44153E+17
1.13185E+18 2920033789
1.01491E+18 3065972386
1.19073E+18 4263007693
1949135078 2912107471
1.04124E+18 890677933
1.01182E+18 2458153957
8.48654E+17 5685812
127573172 24914741
9.85425E+17 4263007693
1.18122E+18 2229505322
3347998991 2241662364
1.20923E+18 2446432153
3867945679 61292316
23946982 1679260675
2227694947 7.22471E+17
1.01182E+18 125499050
1596489572 1132243872
1.01182E+18 19304187
3357277319 827801822
9.7162E+17 1260514195
8.01485E+17 48707597
305435784 55667378
8.42956E+17 71684691
266762558 9.60947E+17
170793415 3167734591
1.19672E+18 169974815
368551889 13074042
60612671 487119609
94910867 169974815
68583134 342250615
7.42585E+17 3030511365
629399145 8.44153E+17
8.85513E+17 15754281
1.07501E+18 9.46193E+17
3199856542 235261861
3237259220 169974815
1.01182E+18 9.73955E+17
7.69359E+17 3867945679
890677933 890677933
222783442 3062012287
2662139235 1.14846E+18
3266733445 8.44153E+17
1241814552 13074042
9.74137E+17 2344530218
8.12555E+17 295844886
1.01182E+18 47332433
7.09565E+17 9.74141E+17
18129188 2446432153
1.07501E+18 627909509
14778204 1205152848
8.37329E+17 14344194
2365729350 273781698
9.23514E+17 9.23514E+17
7.09565E+17 827801822
1.07501E+18 1.12732E+18
3324037438 1.03596E+18
53833682 2476114508
10552072 34677653
9.33029E+17 1291375741
28766576 235261861
9.04618E+17 3867945679
1.19647E+18 17778401
446377914 2912107471
8.73195E+17 2445765961
7.09565E+17 1.01491E+18
1110127915 226310002
2474626477 2344530218
1.01182E+18 1270025862
1.07501E+18 102004715
1.01182E+18 159879135
190197157 169974815
1.13635E+18 2920033789
3651992175 487119609
29524274 1265287416
1.01493E+18 525529406
3867945679 1958816220
241445758 1.01491E+18
1.07501E+18 9.8347E+17
1241814552 3030511365
9.25683E+17 3065972386
22753886 1068951084
7.06797E+17 7.58273E+17
1.01182E+18 951960446
7.72331E+17 1.20217E+18
3197518417 3065972386
8.30122E+17 7.09811E+17
18129188 84618490
1.01182E+18 481867656
14770018 8.44153E+17
1.01182E+18 2712200551
39387668 9.60947E+17
9.92302E+17 2344530218
428345347 2344530218
2962427036 2912107471
1.01182E+18 1.00005E+18
498631199 15821353
9.25683E+17 487119609
1.21316E+18 827801822
754517918 25213966
19448058 2958560992
2414609995 3062012287
8.22474E+17 1.03649E+18
2420911094 1175299088
3357277319 3062012287
7.43198E+17 226310002
1.15803E+18 1241814552
251586332 8.44153E+17
9.25683E+17 3062012287
1.01182E+18 93174945
8.85513E+17 1.01491E+18
1.20118E+18 1132243872
9.7162E+17 92026573
3433899562 273781698
1525478358 207166307
1111920541 1.20393E+18
1.18137E+18 10671602
944231 13074042
52306752 169974815
49035640 128042269
803156 3448770088
1132243872 862642152
8.9416E+17 109322829
1.01182E+18 1265287416
92026573 3065972386
51909512 1679260675
1.01182E+18 305435784
48707597 4263007693
7.85993E+17 9.74141E+17
8.9449E+17 2782755278
3240601754 2920033789
9.30872E+17 487119609
1904357113 8.44153E+17
8.3013E+17 2369530147
9.33029E+17 2363225568
7.43198E+17 9.74141E+17
3260549083 235261861
23760451 2712200551
1.03445E+18 1241814552
2468540724 3030511365
183245102 4263007693
1.06411E+18 2344530218
1.01182E+18 139861761
9.5924E+17 235261861
1.09921E+18 1.13493E+18
1.01182E+18 7.39773E+17
8.12555E+17 2369530147
1.01182E+18 128700677
1.01182E+18 254107028
1.07501E+18 66804129
7.22471E+17 235261861
1.01182E+18 2440258777
8.00284E+17 894518852
1320130406 7.7049E+17
1.17461E+18 2920033789
3867945679 1.01491E+18
3001012567 8.91819E+17
19994927 25213966
73403072 14351134
3448770088 102004715
7.30409E+17 19766557
63039586 823905
4707372193 899690604
1.01182E+18 109312021
1.06411E+18 4263007693
1.07501E+18 67293805
8.01485E+17 2344530218
7.42585E+17 2840786109
2326716338 3365325257
1.01182E+18 15724284
7.68441E+17 2476114508
534563976 108920155
32264463 1.06021E+18
416910461 2912107471
34677653 8.44153E+17
1.01182E+18 103541806
8.93189E+17 3065972386
9.19745E+17 48707597
1.09977E+18 2583592880
1534730383 2397601188
1.07501E+18 7.42831E+17
304844046 503776268
7.7351E+17 4338452835
304844046 308613286
1.10546E+18 2499047479
73403072 5685812
466400265 466400265
2339161019 48707597
1.01182E+18 70736359
1.13882E+18 46721140
2474626477 4338452835
1.01182E+18 235896559
9.55709E+17 1.01491E+18
7.10124E+17 3867945679
1.01182E+18 14629263
1.01182E+18 28766576
741343590 4338452835
7.37142E+17 1.20217E+18
2256162268 827801822
3651992175 3065972386
1.12178E+18 71684691
1524366572 894518852
3146740677 2768557727
898142425 64863875
1.01182E+18 190179815
48707597 226310002
1.17685E+18 234639036
1.06696E+18 4263007693
129218500 15821353
1949135078 2445765961
7.09565E+17 17778401
93174945 1068951084
1.00681E+18 487591270
162285784 7.42788E+17
1.01182E+18 340394880
60612671 3062012287
1.03549E+18 4695216853
226088003 25213966
105651575 4263007693
9.777E+17 1212465001
300298995 9.23514E+17
7.60871E+17 70688754
1.1997E+18 14792516
3867945679 3792290725
1.12178E+18 487119609
3386602930 2429051735
3346433337 3867945679
3867945679 2460047262
1.01182E+18 7.96673E+17
1.17498E+18 1260514195
1.01182E+18 2768557727
92026573 48707597
185571406 108899342
9.30872E+17 15821353
1.01182E+18 16741059
1554287316 2973406683
7.57023E+17 4338452835
3307397045 3065972386
7.68441E+17 9.74141E+17
7.44776E+17 3062012287
3324037438 27596259
9.33029E+17 1614958730
75958753 273781698
316481450 2330223926
179235678 2344530218
95233492 235261861
8.26097E+17 2344530218
1205152848 1205152848
2895746039 4338452835
1.01182E+18 18068926
1.01182E+18 1.01182E+18
1265287416 1241814552
1.19996E+18 4759319375
2186540377 8.02693E+17
2773863188 9.60947E+17
161182490 165457545
137349966 382393
54091564 57903417
488000929 128042269
3266733445 25213966
183245102 15754281
125137988 235261861
7.63416E+17 2242987496
53594876 25213966
8.42956E+17 2768557727
1.07501E+18 2365729350
1.04931E+18 22037917
1.01182E+18 63039586
4193801125 2446432153
4296736815 344256434
1.12783E+18 827801822
1525478358 2476114508
94667885 7.46416E+17
3651992175 3867945679
280350318 889430994
253412938 8.44327E+17
1.06021E+18 69133574
1.07501E+18 8.65939E+17
9.38495E+17 235261861
1823987821 7.86049E+17
1.04582E+18 7.88899E+17
3046338747 1.14846E+18
1.03855E+18 1.02987E+18
1.19073E+18 3065972386
8.62315E+17 503776268
3357277319 2369530147
1.01182E+18 12306
1.01182E+18 2762530572
1.01182E+18 3433899562
1958816220 1.01491E+18
1.01182E+18 8.77505E+17
8.77505E+17 1.16214E+18
1.20846E+18 342250615
2800130574 128042269
9.30872E+17 48707597
190179815 34677653
18129188 112961086
310897418 7.88899E+17
333011425 2344530218
1.11317E+18 2464731932
1265287416 7.70944E+17
54091564 207166307
1.00426E+18 235261861
1.03855E+18 274034881
1.06351E+18 25213966
1.15803E+18 3030511365
1.01182E+18 9.92421E+17
1.21068E+18 1679260675
1.01182E+18 1212465001
1.04931E+18 423847851
2776752385 1132243872
9.30872E+17 534563976
9.6485E+17 1175299088
8.35691E+17 235261861
1.20413E+18 17778401
3158451439 1.01491E+18
1965998539 207166307
301687349 235261861
3357277319 487119609
101366533 207166307
1.01182E+18 827984604
7.50893E+17 3255910179
1.12428E+18 108979413
9.12762E+17 1132243872
9.7162E+17 1.13185E+18
1327266882 61005910
1.01182E+18 17774791
9.04618E+17 2920033789
8.85868E+17 3062012287
1.12178E+18 2920033789
3867945679 2291428702
1.01182E+18 149000021
7.60871E+17 24029894
91424098 91424098
8.3013E+17 2768557727
1.20311E+18 4695216853
3867945679 1644683106
7.01134E+17 2344530218
931068577 15821353
1583435396 71684691
1117333567 9.48552E+17
257421224 34677653
7.41998E+17 1132243872
61023924 2377969267
18129188 245217900
1.07501E+18 1.00005E+18
9.84892E+17 71684691
1.09791E+18 1.01491E+18
7.50893E+17 1241814552
1.19073E+18 3867945679
409318137 2242987496
1.00423E+18 1.01846E+18
3448770088 109312021
2831401824 9.97095E+17
1269440827 49427323
7.19866E+17 1.13493E+18
1.17461E+18 1068951084
7.52982E+17 188423774
188423774 7.52982E+17
523509803 1.13493E+18
7.42788E+17 1068951084
2788341922 2788341922
2446400162 13074042
2596714112 827984604
2349907753 14403154
7.44776E+17 2920033789
1.01182E+18 9.43995E+17
2905624932 194562818
1634091332 308613286
316481450 7.58273E+17
1.01182E+18 1.15686E+18
836510570 836510570
89378676 169974815
4707372193 1823987821
898142425 7.77706E+17
2259569294 2768557727
47332433 1571967648
40572389 15813140
12514782 2336975714
2363991360 207166307
1117333567 543981616
2259569294 71684691
150055226 235261861
754517918 1212465001
1.01182E+18 16534741
2278069864 61005910
8.9449E+17 8.9449E+17
488000929 273781698
8.28331E+17 3062012287
9.84892E+17 487119609
9.19745E+17 2344530218
4633772304 487119609
1.04137E+18 4338452835
1.05183E+18 573918122
1.07501E+18 1.08486E+18
389021740 69133574
7.57023E+17 9.74141E+17
2750427137 3412916241
1657315094 1260514195
9.58861E+17 744328644
111366242 1.01491E+18
1.01182E+18 2789733414
1.01182E+18 8.84253E+17
307229074 16274367
21178908 503776268
1.01182E+18 108660744
1.12732E+18 1.01182E+18
1.01182E+18 9.69831E+17
3346433337 3065972386
1.07501E+18 1679260675
8.75679E+17 132455164
1.01182E+18 84618490
445576043 2242987496
3867945679 2920033789
1.07885E+18 3030511365
11898872 1212465001
9.77296E+17 503776268
9.77296E+17 308613286
1.01182E+18 1.13493E+18
266997926 935096220
316481450 9.23514E+17
1.01182E+18 25084916
1.19362E+18 1067369677
2223779250 219275799
2221004379 268542621
7.63416E+17 400409011
8.77505E+17 8.85954E+17
1.01182E+18 51232377
1.13185E+18 1260514195
1.01182E+18 7.95133E+17
3732897196 4263007693
9.55709E+17 71684691
8.24071E+17 1.01491E+18
3693824417 253412938
962808924 166348278
150693327 7.91719E+17
2339161019 226310002
1.19362E+18 59773247
18362117 9.60947E+17
1.16784E+18 9.74141E+17
187434291 2613859267
1.01182E+18 935096220
1.01182E+18 755726
66804129 15175368
1.20311E+18 2840786109
4734478406 4263007693
1.01182E+18 7.22471E+17
3197518417 3062012287
1.01182E+18 1400489058
1.01182E+18 547152273
190179815 169974815
3171234712 207166307
1.09643E+18 70736359
30415439 894518852
1.15137E+18 1679260675
1.07501E+18 69133574
9.6485E+17 15821353
3158451439 3867945679
752974124 19120978
1.01182E+18 342250615
1.09791E+18 71684691
241445758 3867945679
836510570 2476114508
3867945679 1066699969
1.01182E+18 3030511365
19889825 17367248
111366242 2920033789
1.01182E+18 24029894
8.84115E+17 862642152
583673433 1.13493E+18
2830422401 2920033789
3146740677 827801822
1.11484E+18 128700677
3146740677 71684691
1.01182E+18 148942360
2598008163 1132243872
7.89801E+17 207166307
1386338574 8.07776E+17
3201416049 481867656
1.07501E+18 1601473975
7.09565E+17 534563976
1111920541 3727723037
133004518 1260514195
3128384108 7.89188E+17
9.38495E+17 13074042
128890237 212192216
4296736815 23580362
44695301 235261861
256395922 91424098
59057485 2920033789
1031856860 308613286
3004183002 3030511365
1.13289E+18 1.13185E+18
7.12455E+17 176926525
1.06351E+18 169974815
1720066448 111012361
8.44153E+17 5685812
9.58257E+17 2920033789
124808532 14351134
64692514 48707597
4289114122 2789733414
1.07501E+18 2361771812
53833682 226310002
1.21159E+18 69133574
1.12941E+18 23092890
4466075238 176883031
7.01134E+17 226310002
1.01182E+18 1.13515E+18
1.01182E+18 301687349
2414609995 2920033789
1.01182E+18 1431013098
1.17461E+18 827801822
4633772304 3062012287
1.01182E+18 3026932738
18362117 13074042
2920033789 71684691
1.01182E+18 1939434198
1.07501E+18 1.06785E+18
24538816 34677653
1579555238 241965996
4686586766 4686586766
3065738848 1.18389E+18
1823987821 1.01714E+18
1.21316E+18 487119609
3307397045 1.01491E+18
892281014 15821353
1958816220 827801822
1.01182E+18 50186014
1.01182E+18 187434291
1634091332 1132243872
72026519 8.40603E+17
41435950 9.60947E+17
1.15205E+18 2369530147
1.01182E+18 525529406
3354999513 14351134
17367248 889430994
1.01182E+18 862642152
543855469 9.74141E+17
1.01182E+18 3389750943
7.73229E+17 2344530218
3342954622 1241814552
1673837552 894518852
234639036 46245868
390062767 308613286
1.01182E+18 260399941
75958753 481867656
3237259220 25213966
7.41998E+17 503776268
548687105 47332433
1.01182E+18 2377969267
9.5924E+17 9.60947E+17
1.01182E+18 66804129
571076839 14056108
756773281 10671602
22191337 13074042
9.23514E+17 7.58273E+17
22191337 9.60947E+17
1.19569E+18 13074042
9.51706E+17 20167623
2292388388 34677653
1.01182E+18 346069550
1.19996E+18 1.18389E+18
94910867 8.44153E+17
142171297 2445765961
80253571 18068926
1.01182E+18 2934044965
1.01182E+18 400694446
1270025862 7.12578E+17
9.38928E+17 7.22471E+17
2305295138 1132243872
4633772304 71684691
2414609995 827801822
1.04522E+18 72248630
1943363076 2369530147
1583435396 3065972386
1.13635E+18 71684691
7.42585E+17 548687105
2292388388 169974815
6866582 543981616
498631199 10671602
446323333 207166307
44752206 1530064784
1.09462E+18 2369530147
1.17498E+18 1.01491E+18
846721285 2344530218
3307397045 71684691
1.01182E+18 8.84839E+17
1.17498E+18 4263007693
1.01182E+18 567537377
2905206987 3030511365
1958816220 487119609
1.19179E+18 1.13882E+18
1130449033 7.39773E+17
9.73955E+17 2167059661
1130449033 297065505
8.00284E+17 1.13493E+18
92817400 3141499921
1.03542E+18 267113991
2474626477 207166307
1.01182E+18 131947036
836510570 4338452835
197662233 393334207
19766557 1.01182E+18
2363991360 2344530218
14351134 902438742
1.01846E+18 1.00423E+18
59057485 2369530147
1.01182E+18 45847467
3128384108 7.09811E+17
9.84892E+17 3062012287
1.17945E+18 5685812
245217900 169974815
1949796822 10671602
1.19451E+18 4263007693
1.13482E+18 13074042
78865528 235261861
9.78092E+17 2369530147
1.01182E+18 380565199
2365729350 1.15193E+18
9.58257E+17 3065972386
1.20383E+18 554810402
7.09565E+17 4338452835
14364352 13074042
41435950 13074042
330749926 330749926
178179388 9.52546E+17
9.60947E+17 235261861
60612671 2369530147
3201416049 75958753
1.01182E+18 1.21047E+18
4346029757 119411882
111366242 827801822
2465252725 1.09977E+18
2339161019 2344530218
111366242 3065972386
1.04137E+18 4263007693
1.01182E+18 1.07501E+18
1386338574 5787532
178179388 3426610067
9.70634E+17 234923843
3146740677 3062012287
1.01182E+18 382968137
1.20019E+18 3230388598
9735202 2724597409
152352020 301687349
1432123832 295344317
2279320206 3062012287
162285784 294851207
1.03855E+18 257757365
1.01851E+18 2499047479
1.06696E+18 9.72679E+17
1365606414 1175299088
1.01182E+18 79414778
857955524 894518852
1.07501E+18 22647853
1.00987E+18 18068926
18129188 1571967648
1.01182E+18 7.08559E+17
1.01182E+18 102687142
1.12178E+18 3867945679
267255057 1002775310
1.01182E+18 15367467
1.12783E+18 1.01491E+18
21248597 235261861
2933447393 2369530147
8.28331E+17 827801822
1596489572 503776268
1.20118E+18 503776268
22753886 9.74141E+17
1.21162E+18 2920033789
9.04618E+17 1.01491E+18
2773863188 2795382582
162285784 1.13515E+18
3232811052 1.13493E+18
1.01182E+18 1.20311E+18
1.01182E+18 82407578
2762530572 235261861
1.13289E+18 1.00423E+18
3867945679 321033413
1.20836E+18 108920155
1.01182E+18 7.52982E+17
1.07501E+18 8.8187E+17
7.99361E+17 2717396761
9.55709E+17 2768557727
8.27997E+17 551600672
1115955007 2773863188
3171234712 2344530218
40428645 2445765961
2704581690 9.24173E+17
1074770804 169974815
4707372193 59773247
280247323 295344317
1.07291E+18 1260514195
8.24071E+17 48707597
275409235 2912107471
1.07501E+18 1.07501E+18
2427296264 2445765961
1.01182E+18 71234717
322886464 14505838
108979413 3199856542
2365729350 102687142
1.16531E+18 2499047479
2830195082 235261861
1.15205E+18 487119609
1.01706E+18 14225080
2421258066 1175299088
54091564 226310002
1.07501E+18 39530187
1.03542E+18 71684691
1.01182E+18 137795666
1.13635E+18 1.01491E+18
1.19672E+18 25213966
921269952 13074042
1904357113 25213966
16593420 13074042
9.30872E+17 2768557727
9.12757E+17 894518852
9.12757E+17 1.13493E+18
1.19073E+18 827801822
3158451439 2768557727
624247876 15754281
1.04137E+18 9.74141E+17
487591585 9.74141E+17
1.19073E+18 71684691
2256162268 71684691
224692693 1.13493E+18
1537170692 69133574
19766557 7.30409E+17
3867945679 3357277319
3360753387 13074042
2765966138 9.23514E+17
7.44529E+17 2344530218
8.85513E+17 2768557727
4633772304 1.01491E+18
7.9095E+17 69133574
1.20836E+18 17778401
7.79287E+17 894518852
390062767 1132243872
60612671 2768557727
9.51706E+17 1.18389E+18
1909185565 2782755278
1.01182E+18 889430994
8.62315E+17 79491826
8.85868E+17 71684691
1.06351E+18 34677653
1.01182E+18 111012361
9.55709E+17 2369530147
7.69359E+17 827801822
7.29851E+17 9.74141E+17
211316225 2768557727
1.13185E+18 3065972386
1.19214E+18 4263007693
18362117 235261861
7.55517E+17 8.44153E+17
2292388388 1175299088
6107392 4263007693
1.20413E+18 3065972386
1.00681E+18 10915042
3303580157 400409011
1949796822 1175299088
1.12783E+18 3062012287
1.01182E+18 1.21108E+18
1.01182E+18 1.16531E+18
17161988 1963265239
935932922 2476114508
877122703 2920033789
300298995 212192216
1.20311E+18 16017475
169974815 3167734591
1.01182E+18 170793415
39615607 2242987496
1.02746E+18 8.22474E+17
3587509940 235261861
1.10173E+18 1374177660
3596301683 55667378
1528525790 543981616
14987896 19304187
127678002 46245868
569962002 169974815
1554287316 7.91719E+17
9.74708E+17 2385131
754517918 108979413
1.09643E+18 2397601188
1.09726E+18 2344530218
7.58273E+17 9.23514E+17
1.18905E+18 827801822
2414609995 71684691
1.08604E+18 74735972
720477266 3092381638
10552072 25213966
8.96072E+17 7.12455E+17
8.75679E+17 210967943
1.20118E+18 308613286
1.02746E+18 65339733
1.01182E+18 1260514195
3360753387 235261861
162285784 39387668
1115955007 254107028
543855469 2344530218
7.34896E+17 2336975714
1.01182E+18 9.70634E+17
1.07501E+18 3026932738
3867945679 2715992263
148439712 2768557727
1.19215E+18 108979413
20153996 9.74141E+17
1031856860 1132243872
8.75561E+17 1.18389E+18
4734478406 9.72679E+17
281126525 827984604
4633772304 3065972386
935932922 9.74141E+17
339948520 7.77706E+17
1.01182E+18 827801822
3537604512 25213966
1.06696E+18 3867945679
7.0109E+17 2344530218
1284058508 9.60947E+17
1.20308E+18 84618490
257757365 345609141
1546188247 1132243872
79414778 238672768
3867945679 3867945679
7.50893E+17 1.09744E+18
52186707 9.69831E+17
1.01182E+18 2336975714
7.42585E+17 3092381638
1.01182E+18 326077427
1921106143 119411882
1.01182E+18 188839854
2414609995 487119609
1.01182E+18 1.19155E+18
877122703 71684691
1.01182E+18 8.44327E+17
10915042 14539324
2385131 2300614526
458127699 3579405317
1110127915 48707597
7.35556E+17 18068926
8.85868E+17 3065972386
14328698 235261861
8.75603E+17 525529406
7.81449E+17 2242987496
1.13637E+18 2920033789
1.01182E+18 92817400
1386338574 3017241909
1.01182E+18 3255910179
7.97609E+17 7.08559E+17
211316225 3065972386
2920033789 1.01491E+18
1.20217E+18 1.20217E+18
112026753 899690604
7.31808E+17 400409011
1583435396 3062012287
115311127 2920033789
9.92421E+17 87581736
1.18905E+18 487119609
467571920 33861734
9.74137E+17 207166307
2153958106 295344317
1.07501E+18 8.84839E+17
7.17312E+17 1.15686E+18
1.01182E+18 7.30409E+17
458127699 1.21047E+18
2292388388 25213966
9.58257E+17 487119609
235262823 235232210
1.07501E+18 3092381638
190267152 627909509
139861761 555434190
8.3013E+17 487119609
314845003 7.12578E+17
273781698 547152273
1.01182E+18 1.08604E+18
179502768 2445765961
1.01182E+18 483273973
1.13185E+18 3062012287
2435967874 14629263
27970238 2476114508
1.15475E+18 1.02021E+18
1.20413E+18 108920155
9.73403E+17 2344530218
3116196557 503776268
317246674 13074042
1386338574 248627231
100640404 9.7013E+17
3434515732 9.43995E+17
496229951 2912107471
8.7725E+17 1.00511E+18
3281035214 3579405317
281126525 2973406683
8.93189E+17 827801822
1.06696E+18 3062012287
1.01182E+18 868665666
1365606414 10671602
8.96864E+17 72026519
1.01182E+18 5685812
7.95133E+17 101248199
1.01182E+18 20664366
1.01182E+18 7.70944E+17
2283771 4089850702
826501 2912107471
9.77296E+17 1132243872
39387668 235261861
1.06916E+18 894518852
47332433 7.91719E+17
1265287416 3030511365
22647853 8.84839E+17
3732897196 18068926
1.01182E+18 322886464
15508129 1.21108E+18
8.28331E+17 2369530147
116995067 2344530218
1.19073E+18 487119609
3867945679 3158451439
7.50419E+17 1241814552
1634091332 503776268
1559146597 13074042
9.7162E+17 16403618
2835660901 295844886
8.48654E+17 8.44153E+17
178179388 46245868
1.07501E+18 1568606814
257757365 2510885280
178179388 1241814552
1.07501E+18 381070776
8.85868E+17 2369530147
877122703 3065972386
64496701 13074042
7.05567E+17 7.05567E+17
3867945679 1140341359
1.01182E+18 7.05567E+17
1.14415E+18 7.58273E+17
169974815 169974815
8.85513E+17 4263007693
3341906019 2445765961
1.01182E+18 1374177660
1.12178E+18 2369530147
8.31399E+17 9.60947E+17
2279320206 71684691
3263578639 176926525
3116196557 308613286
18362117 7.22471E+17
1110127915 207166307
2534137042 108920155
1.10945E+18 1.20311E+18
162285784 534563976
190267152 2773444862
1.21316E+18 2369530147
37321213 2912107471
1.01182E+18 1269440827
159474803 61005910
1.01851E+18 1212465001
8.12555E+17 1.01491E+18
1.09388E+18 1.13493E+18
7.37142E+17 2768557727
1.07501E+18 31017151
9.7162E+17 9.74141E+17
261982279 894518852
3229475660 13074042
19539923 8.44153E+17
2782755278 8.9449E+17
9.55709E+17 827801822
382393 1068951084
282980773 2499047479
7.26554E+17 2912107471
1.12178E+18 2768557727
2773863188 6245822
40572389 7.35111E+17
257757365 8.22534E+17
2294271366 370597426
3324037438 9.16396E+17
3867945679 396698077
3158451439 3062012287
1.01491E+18 71684691
3651992175 1.01491E+18
1.00423E+18 1.19073E+18
7.44529E+17 207166307
148439712 827801822
9.97039E+17 1.13493E+18
1.01182E+18 1568606814
1.06891E+18 9.73893E+17
3230388598 5685812
2840786109 8.02693E+17
2958560992 2958560992
1360743618 169974815
31017151 235261861
9.30872E+17 15754281
2153958106 144592995
75908507 317271050
3307397045 487119609
2732676081 897457670
1132243872 8.62315E+17
1.04903E+18 3230388598
1.20413E+18 487119609
64764949 482401730
1673837552 1.13493E+18
1.13635E+18 2768557727
8.85513E+17 1260514195
8.85868E+17 2920033789
13074042 235261861
3433899562 14792079
1.01182E+18 15934026
23247501 42856346
9.63205E+17 308613286
1.01182E+18 2960221
1.12178E+18 3062012287
1.12783E+18 2369530147
162285784 69133574
2765966138 7.58273E+17
8.96864E+17 7.96673E+17
8.95815E+17 235896559
64854709 210967943
9.78092E+17 1.01491E+18
4193801125 3230388598
1.1997E+18 831683720
611597719 611597719
7.10124E+17 2920033789
1.01182E+18 234639036
1.01182E+18 543981616
296624994 5685812
1.01182E+18 1211339936
17927372 13074042
1.12178E+18 3065972386
836510570 2344530218
7.55517E+17 25213966
385026115 1327266882
1432123832 169974815
2469549048 1132243872
7.37142E+17 4263007693
3693824417 295344317
1.04956E+18 55129680
1.18542E+18 3017241909
7.10124E+17 3062012287
1270312236 7.12578E+17
2349907753 4375683675
543981616 814826774
1.01182E+18 1601473975
59057485 827801822
148439712 1.01491E+18
7.10124E+17 2369530147
1329937658 4338452835
1.01182E+18 2920033789
226088003 169974815
7.89801E+17 2344530218
9.05575E+17 4263007693
1067369677 59773247
1.20836E+18 534563976
836510570 9.73893E+17
7.67675E+17 8.44153E+17
1.06411E+18 750554018
2905624932 2231753876
1.04252E+18 8.15555E+17
251586332 25213966
9.85425E+17 18068926
4634386828 16569802
313525664 267113991
14883641 32484559
352837463 9.60947E+17
7.96066E+17 9.74141E+17
1.01182E+18 2397601188
1963265239 1858383722
9.93831E+17 1.18389E+18
3230388598 3347998991
136476512 13074042
92026573 4263007693
1.01182E+18 1.00953E+18
7.09565E+17 2920033789
9.85425E+17 16047639
3509153594 48707597
416191847 2912107471
1.17498E+18 71684691
1.14415E+18 9.23514E+17
1.12732E+18 350283265
343573021 308613286
127774379 8.44153E+17
2587693555 207166307
1394022188 8.70497E+17
8.06145E+17 1.13493E+18
707254393 235261861
1.01182E+18 1067369677
3001243744 1.13493E+18
169136907 295344317
3091524395 53560219
3867945679 44672556
8.84115E+17 503776268
457994194 9.43995E+17
2704581690 1.00423E+18
1.15895E+18 16347506
101463274 13074042
43553549 15844782
1.04137E+18 2344530218
9.30872E+17 1.01491E+18
1.13482E+18 2960221
1939434198 220139885
707254393 7.22471E+17
1.04365E+18 75958753
1.19073E+18 2369530147
179262670 226310002
1.15643E+18 2933519596
1.01182E+18 611597719
1.19996E+18 7.88899E+17
1559146597 1212465001
1.06696E+18 487119609
2465252725 119411882
3197518417 827801822
1.01182E+18 11670602
9.23514E+17 2330223926
1.07501E+18 7.58273E+17
8.01485E+17 4338452835
3651992175 2920033789
241445758 71684691
3001893383 2397601188
369165118 49554600
1.07501E+18 161366031
1.12178E+18 827801822
456141525 2397601188
32463745 13074042
1386338574 131947036
1.06696E+18 2768557727
9.01703E+17 3579405317
1.06411E+18 207166307
1.00423E+18 9.24173E+17
3389750943 2240955592
1.07501E+18 503776268
9.52705E+17 1241814552
317246674 9.60947E+17
7.37142E+17 1.01491E+18
1.01182E+18 9.90644E+17
9.30872E+17 4263007693
22753886 862642152
241965996 1579555238
1.01182E+18 1679260675
428345347 2476114508
211316225 2920033789
1477539852 2912107471
1.09201E+18 235261861
35874536 2397601188
4911325852 2875682379
24538816 169974815
1.03542E+18 487119609
2830187256 2365729350
20531221 314301334
8.3013E+17 2920033789
1.01182E+18 161366031
1.01182E+18 8.37329E+17
1.07501E+18 1431013098
3165455166 503776268
257421224 25213966
1.01182E+18 4338452835
1516768171 2640938963
1089680935 1327266882
8.9416E+17 501890850
127774379 169974815
2256162268 2768557727
1.01182E+18 898142425
2920033789 2768557727
756773281 1175299088
1426690610 169974815
8.05788E+17 61005910
1.01182E+18 2840786109
1.01182E+18 944231
7.01134E+17 207166307
2223779250 20443035
24538816 8.44153E+17
20730617 48707597
1265287416 46245868
1.01182E+18 2773444862
1.03542E+18 48707597
294851207 91195150
1.01182E+18 1.13882E+18
1.01182E+18 2445765961
1.14415E+18 2330223926
1.01182E+18 126615639
9.25683E+17 2369530147
525529406 1205152848
3837896189 273781698
222783442 3867945679
1.21316E+18 71684691
47332433 827984604
3004183002 1241814552
1544562601 2724597409
1.01182E+18 82271858
1.01846E+18 4263007693
9.2277E+17 106837463
1.13467E+18 1260514195
8.90844E+17 18068926
1524366572 1.13493E+18
846721285 9.74141E+17
1.07501E+18 235261861
165457545 292126198
47239788 1823987821
1.12783E+18 3065972386
7.10124E+17 827801822
257757365 40270600
1.01182E+18 1.06619E+18
2975531757 9.92421E+17
1.13289E+18 2344530218
1.07501E+18 2427666512
1477539852 2445765961
1.01182E+18 14505838
8.24071E+17 4263007693
1.01182E+18 7.89188E+17
8.05788E+17 1327266882
27970238 2344530218
1.06696E+18 1068951084
1.07501E+18 543981616
1700447018 611597719
75350463 128042269
2920033789 2920033789
22647853 2544177302
7.37142E+17 2369530147
1.01182E+18 101248199
1.01182E+18 1.18389E+18
35418170 15367467
60612671 3065972386
1.19183E+18 15754281
2788341922 2445765961
7.44776E+17 71684691
267113991 534563976
59773247 59773247
3423038427 2499047479
3651992175 827801822
2895746039 9.74141E+17
1.07501E+18 254147480
3357277319 2920033789
543981616 352684272
1431013098 17790352
1.01182E+18 2385131
24538816 25213966
2476114508 2476114508
1.09462E+18 827801822
9.8347E+17 548687105
111366242 2768557727
1.13637E+18 2768557727
571076839 14465315
80253571 4263007693
1.01182E+18 371974097
1.01182E+18 34677653
1.01182E+18 14344194
390062767 503776268
3651992175 3062012287
2365729350 295940181
179262670 4338452835
7.96122E+17 226310002
3357277319 3867945679
9.7162E+17 57903417
1.01182E+18 247507363
2933447393 2768557727
4514361 13074042
1.01182E+18 12514782
1140765066 340394880
1.06411E+18 1.18389E+18
9.12762E+17 503776268
2782594274 9.62027E+17
1.01182E+18 2365729350
2469549048 503776268
1.01182E+18 8.70079E+17
1.01182E+18 2913998913
1.11268E+18 2640938963
1.04137E+18 1260514195
1.07501E+18 47332433
162285784 50186014
1.06411E+18 267113991
148439712 3062012287
3386602930 63219442
1.01182E+18 9.76419E+17
9.63205E+17 1132243872
7.42585E+17 1241814552
9.84892E+17 3867945679
8.97338E+17 1132243872
8.12555E+17 20562637
1.01182E+18 8.27997E+17
1386338574 15639696
3230388598 235261861
1426690610 8.44153E+17
75350463 273781698
129218500 1175299088
115311127 71684691
1.01182E+18 1068951084
226088003 34677653
222783442 1.01491E+18
3240601754 1.01491E+18
3346433337 2768557727
1.01182E+18 156174036
1.01182E+18 7.50893E+17
1.07501E+18 17369964
1.01182E+18 8.22474E+17
921269952 2499047479
4746728178 9.74141E+17
1.01182E+18 308613286
53833682 9.74141E+17
7.37142E+17 1.18542E+18
1923903962 2445765961
1.03542E+18 2369530147
1.01182E+18 162285784
7.0109E+17 207166307
8.24071E+17 71684691
22343647 128042269
7.10124E+17 1.18542E+18
846721285 207166307
59773247 1823987821
17473349 91424098
2745567077 1.13493E+18
7.10767E+17 4263007693
222783442 71684691
1.01182E+18 295344317
2361771812 144592995
9.63205E+17 503776268
1.01182E+18 17369964
1.01182E+18 65339733
2173874229 2344530218
250305664 301687349
1.19179E+18 46721140
87581736 9.92421E+17
1.13467E+18 4263007693
8.42956E+17 487119609
7.37142E+17 827801822
1.01182E+18 899690604
7.10124E+17 2768557727
2976656661 9.74141E+17
102377858 273781698
2256162268 3062012287
1.06891E+18 2476114508
1.19672E+18 34677653
31357550 15844782
1.01182E+18 1117333567
3867945679 1651295323
1.09755E+18 235261861
1.01182E+18 16047639
446377914 2445765961
3075778559 8.44153E+17
15969459 55667378
756773281 15821353
1.08742E+18 1.13493E+18
2958560992 19448058
8.37329E+17 8172972
409318137 400409011
2440610314 2435407770
3171234712 9.74141E+17
1.01182E+18 72026519
8.12555E+17 2768557727
51713026 2974948330
1241814552 235261861
148942360 30290980
150693327 3230388598
8.93189E+17 2768557727
165457545 108660744
1.01182E+18 1.01491E+18
111366242 2369530147
3158451439 2920033789
1.07501E+18 156174036
9.19745E+17 1.18389E+18
1.07004E+18 3030511365
1130449033 3909197654
433559451 326077427
1.01182E+18 3017241909
296634911 1241814552
1.07501E+18 190179815
49683966 7.14985E+17
1958816220 3065972386
1.01182E+18 2435967874
326077427 3190738517
428345347 4338452835
2278069864 1327266882
1130449033 610659001
1559146597 235261861
1.17236E+18 9.48552E+17
423847851 423847851
1241814552 1.07004E+18
3867945679 2414609995
4263007693 1260514195
377439160 235261861
8.73356E+17 9.58861E+17
1.18389E+18 20167623
3433899562 8.70079E+17
1.01182E+18 23247501
3867945679 71684691
7.94243E+17 2344530218
1.07501E+18 1.04956E+18
2305295138 503776268
595286659 9.60947E+17
292352077 254147480
1.06411E+18 17778401
385573872 57903417
1.21162E+18 1.01491E+18
4172817117 235261861
2596714112 1.07501E+18
713888008 207166307
1067369677 1823987821
3307397045 3867945679
3293687620 9.74141E+17
3046338747 8.44153E+17
1.00005E+18 156174036
1.01182E+18 254147480
1.01182E+18 1.13482E+18
2587693555 226310002
241445758 2768557727
1.01182E+18 8.60663E+17
179235678 207166307
9.7162E+17 4908885163
142171297 2912107471
543855469 226310002
172407756 1132243872
543981616 2303856248
2920033789 3065972386
597868047 235261861
152352020 7.12806E+17
3230388598 2241662364
8.28331E+17 4263007693
1583435396 2768557727
1.19096E+18 48707597
144104581 2435407770
7.89801E+17 9.74141E+17
7.43198E+17 48707597
1.19821E+18 2344530218
1.01182E+18 71684691
1386338574 177547780
3016051375 235261861
1.01182E+18 7.19866E+17
10062312 5685812
1.13635E+18 3062012287
141009810 166348278
1.01182E+18 35865630
7.37142E+17 1386338574
1.07501E+18 115494880
1.01182E+18 2835660901
4746728178 4338452835
8.57297E+17 235261861
9.85425E+17 108899342
3046338747 169974815
1.01182E+18 407200271
1.01182E+18 2788341922
2256162268 3065972386
1.07501E+18 8.44327E+17
3167778757 7.09811E+17
1.01182E+18 1237502864
1.07501E+18 1176519156
7.09565E+17 3065972386
1.2038E+18 128372940
7.7351E+17 57903417
496593755 108920155
6006592 235261861
64764949 423847851
2499047479 1212465001
4686586766 7.14985E+17
264133254 503776268
1186957082 84618490
2905206987 1241814552
1.01182E+18 1898418108
1265287416 13074042
220099608 543981616
433559451 3190738517
9.55709E+17 2920033789
1.01182E+18 1.14846E+18
3150544995 2533535324
2440258777 235261861
9.84892E+17 827801822
9.7162E+17 2344530218
1559146597 2499047479
1.01182E+18 177547780
3307397045 2369530147
1.06696E+18 2369530147
9.19745E+17 627909509
13998882 1205152848
266762558 2446432153
3292818645 2344530218
1.01182E+18 8.85954E+17
1.01182E+18 4759319375
1.07501E+18 1.01182E+18
3065738848 482314645
329000533 128042269
3298237454 611597719
9.7162E+17 226310002
854620392 13074042
478311685 1205152848
4104255916 6245822
1.01182E+18 68583134
15773103 169974815
4213994177 176926525
296634911 43186378
1.13185E+18 1.01491E+18
7.19866E+17 84618490
27483951 115494880
1.01182E+18 9.48552E+17
9.97138E+17 273781698
3402547923 1132243872
9.51706E+17 2344530218
8.85513E+17 2476114508
1.2062E+18 15754281
130761590 1068951084
241445758 2369530147
498631199 9.60947E+17
3046338747 13074042
567537377 13074042
241445758 3065972386
1.01182E+18 7.88899E+17
7.17312E+17 69133574
1.01182E+18 1.08969E+18
115311127 3065972386
7.40559E+17 69133574
1.01671E+18 2344530218
224692693 894518852
2365729350 128042269
1.03549E+18 611597719
7.44776E+17 827801822
1888937989 197662233
15696647 4263007693
1.01182E+18 1.00437E+18
8.3013E+17 71684691
1.01182E+18 894518852
543855469 207166307
1.01182E+18 273781698
9.64387E+17 108979413
3867945679 191383270
9.8347E+17 342250615
2194500482 1.21047E+18
7.37142E+17 191777364
1.01182E+18 206945427
199246924 4263007693
1.01182E+18 2435407770
314998449 3347998991
17270684 2912107471
7.96066E+17 226310002
8.2352E+17 1260514195
3026932738 125499050
116621683 1132243872
193712217 340394880
400694446 1.02149E+18
9.55709E+17 48707597
2195325225 295344317
7.0109E+17 4338452835
273781698 330749926
1.07501E+18 4338452835
273781698 1098742782
1.04252E+18 46245868
8.36526E+17 1823987821
931068577 10671602
310759300 2499047479
569962002 25213966
7.09565E+17 487119609
4633772304 2768557727
7.09565E+17 3062012287
16534741 84618490
2414609995 1.01491E+18
7.96066E+17 4338452835
1.01182E+18 381056045
741517452 14505838
2458153957 1205899746
1630177776 1554287316
2831401824 235261861
415863443 9.60947E+17
7.06793E+17 9.23514E+17
190748518 268542621
7.09565E+17 71684691
9.04618E+17 487119609
1.01182E+18 1611951505
8.36526E+17 59773247
1.01182E+18 3867945679
1.01182E+18 30290980
1.20413E+18 534563976
629399145 34677653
1.03855E+18 68340540
408513513 245217900
9.55039E+17 48707597
1.14265E+18 2445765961
3320523836 705253482
7.52982E+17 2152668890
1.13635E+18 3065972386
2714351574 400409011
49695027 1324960710
57903417 9.74141E+17
9.30872E+17 2369530147
735160308 1175299088
1.01182E+18 2958560992
91195150 1175299088
1.17461E+18 2476114508
47332433 7.79174E+17
1.19073E+18 44695301
14883641 35950442
2326716338 82511170
1.00423E+18 1269972008
8.75925E+17 345609141
1.19569E+18 235261861
1.13185E+18 48707597
1.01182E+18 2303856248
103516223 13074042
99989439 400409011
868665666 84618490
1.17236E+18 1.17236E+18
246027111 1132243872
1241814552 128042269
8.94665E+17 1241814552
1.01491E+18 3062012287
190197157 25213966
8.75925E+17 19166519
1566929401 3092381638
3837896189 128042269
2365729350 1.00005E+18
1.01182E+18 19766557
1.01182E+18 2933519596
1186957082 1.2077E+18
3260549083 9.60947E+17
2259569294 487119609
53833682 2344530218
8.6296E+17 3945171016
2445765961 2912107471
408513513 40270600
1270312236 49427323
1.19073E+18 15367467
1.07501E+18 1241814552
7.10124E+17 71684691
7.39773E+17 252481460
9.7162E+17 1.01846E+18
1.07501E+18 1571967648
1111920541 14118591
3303580157 2242987496
8647102 235261861
1.19647E+18 534563976
7.96066E+17 2476114508
1.01182E+18 1176519156
7.37142E+17 7.72331E+17
22753886 8.62315E+17
1.01182E+18 3062012287
235698448 1205152848
127678002 1241814552
1.01182E+18 2499047479
1943363076 3867945679
1426690610 1212465001
2339161019 9.74141E+17
24228154 9.60947E+17
3140904045 342250615
1212465001 2499047479
1.01182E+18 89378676
1.03542E+18 4263007693
2202340974 226310002
1.01182E+18 1320130406
1.01182E+18 13074042
3028524397 2640938963
1.04365E+18 374659701
1.01182E+18 314301334
55594732 1.08969E+18
211316225 1.01491E+18
385026115 61005910
1.01182E+18 1.20308E+18
1.21162E+18 487119609
7.06229E+17 4338452835
2282270222 525529406
1.07501E+18 8.44153E+17
1.01182E+18 2875682379
4241359336 25213966
1.18905E+18 2920033789
3423038427 1212465001
52306752 8.44153E+17
1.0791E+18 90362888
1.01182E+18 20167623
128042269 273781698
1.18905E+18 2768557727
321303034 2912107471
1.21047E+18 115192654
1.18905E+18 1.01491E+18
7.37142E+17 1260514195
1.01182E+18 1.05833E+18
1.01182E+18 8.8187E+17
1.09921E+18 894518852
7.73229E+17 4338452835
9.20022E+17 525529406
7.89188E+17 7.09811E+17
9.78092E+17 3065972386
2587693555 48707597
1.01182E+18 70688754
567537377 548687105
2227694947 235261861
339948520 898142425
7.8479E+17 1132243872
129026706 285783267
1.10945E+18 2840786109
9.7162E+17 1.19073E+18
314845003 36203015
2933447393 3065972386
334553913 2499047479
7.06164E+17 9.23514E+17
1431013098 39530187
1.17009E+18 169974815
2587693555 9.74141E+17
1.01182E+18 9.8347E+17
3201416049 374659701
1.01182E+18 744328644
1.01182E+18 67293805
3867945679 262258254
382732734 1.18932E+18
8.74457E+17 308613286
7.39773E+17 2640938963
2414609995 2768557727
1.01182E+18 1.14023E+18
9.38928E+17 235261861
1.01182E+18 890677933
8.22474E+17 65339733
1.07501E+18 1270025862
130761590 750554018
1.01182E+18 19612436
9.17755E+17 15754281
35794978 13074042
446323333 2344530218
4707372193 1067369677
9.30872E+17 71684691
7.67675E+17 3320318445
7.96122E+17 48707597
9.58104E+17 3030511365
543981616 551600672
1.14846E+18 13074042
1284058508 2446432153
3402547923 308613286
1.01182E+18 7.60871E+17
1.03542E+18 3062012287
4746728178 2344530218
5687992 14351134
1.01182E+18 9.58861E+17
317271050 1.07501E+18
4911325852 17774791
20163265 17416571
202432028 9.92421E+17
1.01182E+18 7.37399E+17
626357965 894518852
1.19362E+18 1823987821
2737153135 161366031
129026706 22037917
2704581690 8.85513E+17
51798900 68340540
7.108E+17 894518852
8.7725E+17 3422200198
91195150 294851207
1.01182E+18 71612014
8.28331E+17 2920033789
8.76477E+17 7.89188E+17
1.07501E+18 1270312236
1958816220 2369530147
1.01182E+18 1.00735E+18
7.0258E+17 166348278
1.15895E+18 36155311
156959224 5685812
1.01182E+18 2906036650
1.01491E+18 1.01491E+18
9.19745E+17 7.88899E+17
9.78092E+17 2920033789
1.01182E+18 1.12732E+18
1.01182E+18 3365325257
8.90844E+17 15754281
1.01182E+18 39010299
280247323 169974815
2331871578 130106305
3346433337 2369530147
1.01182E+18 897457670
3346433337 2920033789
2435407770 2440610314
14351134 5685812
1.01182E+18 2254561
2840658614 41435950
428345347 207166307
1365606414 15821353
141009810 8.42679E+17
32264463 47332433
7.37399E+17 46245868
7.44776E+17 487119609
3197518417 71684691
1.01182E+18 7.79174E+17
1.07501E+18 13074042
8.75925E+17 16741059
445576043 400409011
296624994 14351134
9.18107E+17 9.97095E+17
8.12555E+17 3065972386
890677933 1400489058
41435950 235261861
1.20413E+18 827801822
2679267636 14591071
95190196 34677653
1.01182E+18 295844886
2800130574 273781698
1.01182E+18 203682861
1.09868E+18 2445765961
317271050 67293805
7.29851E+17 2344530218
1.01182E+18 1554287316
179502768 2912107471
8.57297E+17 13074042
9.74141E+17 7998822
8.01485E+17 2476114508
543981616 10915042
345609141 16741059
368551889 8.62315E+17
3867945679 2218697421
1269440827 7.12578E+17
1.07501E+18 1.21068E+18
1.01182E+18 55661900
7.91719E+17 9.60947E+17
9.87035E+17 69133574
1.07501E+18 79491826
7.58273E+17 2330223926
296634911 9.74708E+17
26512941 2445765961
3171234712 4338452835
3293687620 4338452835
1.20413E+18 2768557727
51798900 345609141
1.15205E+18 1.01491E+18
2458153957 338249981
1.09726E+18 2476114508
1.01015E+18 16741059
9.04618E+17 3065972386
4514361 235261861
18129188 772810470
22647853 1324960710
478311685 14505838
2279320206 3867945679
9.58257E+17 3062012287
1.14846E+18 8.44153E+17
334553913 1212465001
1.17498E+18 2920033789
1.01182E+18 25213966
9.7162E+17 207166307
543981616 3230388598
418025484 188839854
1.13635E+18 487119609
389021740 5654932
7.43198E+17 2476114508
257421224 8.44153E+17
381225155 380565199
713888008 2344530218
1.00423E+18 8.85513E+17
14328698 7.22471E+17
66804129 9.43995E+17
8.28331E+17 1.01491E+18
57650052 3579405317
1.17461E+18 3065972386
1.01182E+18 9.6192E+17
1.01182E+18 3946245767
4610754437 235261861
1.20923E+18 9.74708E+17
1.01182E+18 374659701
1.01182E+18 8.42679E+17
415863443 13074042
54091564 9.74141E+17
2830422401 827801822
1.19183E+18 4263007693
1.18137E+18 1175299088
543981616 80250475
375921232 176926525
2476114508 2344530218
366142567 1.13493E+18
2279320206 2920033789
8.85513E+17 2344530218
2927290219 235261861
500162083 1.06619E+18
1.01182E+18 6006592
4187716153 235261861
3434515732 128042269
2365729350 9.60947E+17
2782594274 2483418230
1.01182E+18 20531221
19675099 33836629
1.07501E+18 8.85954E+17
3867945679 2768557727
1.16483E+18 2242987496
100640404 286204110
7.10124E+17 2344530218
9.78092E+17 3867945679
1.00987E+18 4263007693
1.01671E+18 9.74141E+17
8.3013E+17 827801822
2920033789 827801822
1.18389E+18 94854626
859116252 10671602
1.1978E+18 2241662364
1.01182E+18 3347998991
9.24173E+17 3867945679
14770018 34677653
1.01182E+18 188545143
3867945679 1924501530
1111920541 9.0467E+17
1611951505 35865630
2704581690 4263007693
2339161019 2476114508
1.01182E+18 235261861
9.60947E+17 13074042
14364352 235261861
1.17945E+18 2303856248
1.19073E+18 3062012287
9.19745E+17 15754281
53528086 235261861
22343647 273781698
317271050 254147480
7.95133E+17 820089602
1.03855E+18 8.22534E+17
1.00681E+18 625022363
1.00681E+18 3230388598
1.17236E+18 181238758
116621683 503776268
8.97338E+17 308613286
2830422401 3867945679
1.13185E+18 71684691
2445564477 2445765961
9.73955E+17 9.31043E+17
1.06696E+18 534563976
3867945679 877122703
1.01182E+18 1953297788
1.01182E+18 1.03602E+18
543981616 9.90644E+17
4686586766 84618490
9.19745E+17 4263007693
1.03542E+18 3065972386
1.01182E+18 8.15555E+17
9.74141E+17 2344530218
1269440827 1324960710
921269952 1212465001
89378676 295344317
245217900 8.44153E+17
1.01182E+18 23378774
12306 260399941
2704581690 48707597
190179815 2427666512
1.06411E+18 1068951084
1.13637E+18 3065972386
19889825 889430994
1.16531E+18 1241814552
1.01182E+18 1823987821
19994927 34677653
8.89858E+17 2440610314
7.49288E+17 2920033789
1.19073E+18 1260514195
1.01182E+18 1270312236
525529406 14505838
1.01323E+18 1.18389E+18
1.07501E+18 316842679
1.01182E+18 292126198
107702536 207166307
1.21316E+18 3065972386
8.28331E+17 2768557727
1265287416 235261861
257757365 1.03855E+18
3146740677 1.01491E+18
1.07501E+18 34677653
2440258777 13074042
1.16784E+18 2344530218
84618490 1.2077E+18
1.01182E+18 9.23514E+17
234639036 1241814552
2920033789 2369530147
9.19745E+17 2476114508
2229505322 2335620763
1.07501E+18 109312021
1241814552 543981616
452355286 1175299088
9.04618E+17 71684691
2830187256 8.85954E+17
8.85513E+17 2369530147
1.01182E+18 1.11317E+18
2846283500 9.74141E+17
3090421505 1126476188
1.01491E+18 2920033789
1212465001 1212465001
368551889 235261861
124808532 5685812
41130861 91424098
2455763407 91424098
1888937989 393334207
1.06696E+18 1.01491E+18
3001012567 2158114080
2279320206 1.01491E+18
1.01182E+18 207166307
618637005 1335366913
125325214 9.60947E+17
381070776 14159148
2339161019 4338452835
9.73403E+17 4338452835
7.04116E+17 1.13493E+18
2901818404 316842679
8.28331E+17 20562637
160083636 8.58849E+17
1.08604E+18 1.08604E+18
8.97338E+17 503776268
1.07501E+18 898142425
1.01182E+18 69133574
1.21162E+18 2768557727
7.10767E+17 18068926
2662139235 13074042
128890237 9.23514E+17
806187793 7.42788E+17
1.07501E+18 340394880
8.44153E+17 25213966
1.01182E+18 17367248
1.01182E+18 119411882
9.78092E+17 487119609
1943363076 2920033789
543981616 5685812
1.13185E+18 8.65314E+17
280350318 17367248
9.70634E+17 1.07501E+18
2177994343 1175299088
503776268 308613286
15969459 305435784
1.19096E+18 4263007693
52186707 159879135
1.13289E+18 15754281
496229951 2445765961
9.24173E+17 2768557727
9.55039E+17 1260514195
1.13185E+18 2768557727
1611951505 25084916
1.01491E+18 487119609
145686963 284205655
111366242 3062012287
7.33994E+17 34677653
1.01182E+18 220139885
1.07501E+18 2933519596
17774791 2875682379
857955524 1.13493E+18
20163265 128700677
14778204 525529406
1.01182E+18 1.09977E+18
2525480741 235261861
68823009 13074042
8.75561E+17 7.88899E+17
52186707 8363812
343573021 503776268
1.17461E+18 71684691
2933447393 487119609
1.02629E+18 1241814552
1.01182E+18 1720066448
892281014 10671602
1.01182E+18 248627231
127573172 82407578
2283771 14591071
69133574 235261861
9.55709E+17 3065972386
1068951084 1068951084
1.01182E+18 1205899746
3867945679 2279320206
3395637394 1.01491E+18
1.01182E+18 9.87035E+17
803156 102004715
377605657 503776268
53833682 48707597
226088003 8.44153E+17
9.8347E+17 68583134
493616041 894518852
1.07501E+18 140195436
1.01182E+18 23760451
7.29851E+17 4338452835
26005455 48707597
305435784 39010299
3135065705 176179746
1.01182E+18 345609141
235262823 9.76419E+17
1.01182E+18 418025484
7.35556E+17 4263007693
1.01182E+18 68340540
8.31399E+17 235261861
868665666 47332433
83862233 316842679
543855469 4338452835
1.03855E+18 345609141
1.01182E+18 7.17312E+17
1.07501E+18 1324960710
7.55517E+17 34677653
1.19073E+18 1.00423E+18
1.01182E+18 6245822
212192216 212192216
53833682 207166307
199246924 15754281
9.25683E+17 3867945679
1110127915 9.74141E+17
310759300 1212465001
435192098 75958753
7.85993E+17 2344530218
752974124 18776647
493616041 1.13493E+18
2427296264 2912107471
3092381638 9695312
750554018 342250615
1140765066 2933519596
1.02629E+18 3030511365
9.24173E+17 3065972386
7.7351E+17 2344530218
9.78092E+17 827801822
1.01182E+18 352837463
15952129 611597719
1.18905E+18 2369530147
11963792 3030511365
159474803 1327266882
3412916241 543981616
1.17461E+18 2344530218
2365729350 8.85954E+17
1.01182E+18 82511170
156959224 543981616
7.0109E+17 9.74141E+17
1.07501E+18 6245822
1.01182E+18 152352020
7.73229E+17 207166307
1.20413E+18 3062012287
9.73955E+17 3199856542
179262670 9.74141E+17
7.96122E+17 2344530218
3165455166 308613286
3065738848 750554018
274923890 202232362
1.00423E+18 4263007693
190179815 25213966
3867945679 258834617
2259569294 3065972386
1.01493E+18 14505838
1.01182E+18 295940181
1.00423E+18 1068951084
137795666 14145371
2458153957 236936450
1.19073E+18 1.01491E+18
3867945679 1623993750
16728586 235261861
55594732 82124446
3298237454 4695216853
2499047479 1.16531E+18
3237259220 1324960710
9.25683E+17 827801822
1.06696E+18 9.74141E+17
1.143E+18 10671602
1.2077E+18 7.7049E+17
318466467 13074042
416910461 2445765961
7.37142E+17 487119609
35794978 9.60947E+17
9.24173E+17 487119609
1.12594E+18 503776268
7.93225E+17 4338452835
1431013098 8.65939E+17
74735972 1.08604E+18
415779762 2344530218
1.21047E+18 2429051735
1.01182E+18 1.09201E+18
4346029757 1.09977E+18
9.58257E+17 2768557727
1.06411E+18 48707597
7.91719E+17 2973406683
1.01182E+18 236936450
3240601754 2369530147
14629263 1241814552
7.10124E+17 15754281
7.06793E+17 2330223926
3395637394 2920033789
1130449033 487833518
390722263 1.14846E+18
1.07004E+18 1241814552
8.74457E+17 503776268
59057485 3062012287
1.00423E+18 16403618
161366031 47332433
235232210 235262823
3867945679 827801822
92026573 2369530147
9.01703E+17 1.21047E+18
60612671 1.01491E+18
611597719 13074042
1.06696E+18 1.18389E+18
3075778559 169974815
2511247075 13074042
92026573 71684691
1636672459 1.13493E+18
10915042 2773444862
1205152848 525529406
8.01485E+17 226310002
1967299554 1324960710
368551889 1241814552
8.12555E+17 2835660901
1.01182E+18 74735972
34677653 169974815
9.50593E+17 894518852
9.55709E+17 4263007693
1.01182E+18 8.62315E+17
1270025862 49427323
3293687620 226310002
1.01015E+18 345609141
1.01706E+18 2973406683
2762530572 13074042
2292388388 10671602
1.07501E+18 125499050
1882066740 1175299088
7.96122E+17 9.74141E+17
3867945679 487119609
9.24173E+17 4263007693
1.09462E+18 3065972386
8.27997E+17 235261861
1.00005E+18 176883031
9.8347E+17 3092381638
9.04618E+17 827801822
2259569294 2369530147
846721285 226310002
9.19745E+17 4759319375
1.01182E+18 43139414
250305664 27195114
9.17755E+17 4263007693
2409201906 14505838
1400489058 890677933
8.76477E+17 7.09811E+17
2219758122 7.91719E+17
3395637394 71684691
1583435396 2369530147
241445758 3062012287
101366533 4338452835
1882066740 2788341922
1.01182E+18 1963265239
145686963 1.15207E+18
1.00681E+18 108979413
1.01182E+18 1324960710
2714351574 2242987496
7.108E+17 1.13493E+18
199302553 1.00953E+18
1904357113 34677653
240051701 235261861
1.01182E+18 36155311
4634386828 177729631
188423774 188423774
8.2352E+17 267113991
9.04725E+17 70736359
8.73356E+17 1602764971
877122703 487119609
1.01182E+18 18129188
2789733414 71234717
2365729350 176883031
317246674 235261861
1.01182E+18 8.40603E+17
1.13185E+18 273781698
1.1128E+18 235261861
1.20673E+18 4263007693
1.18389E+18 4759319375
2349907753 20542737
1.01182E+18 108979413
3395637394 3867945679
7.50893E+17 9.8347E+17
1.01182E+18 266997926
921269952 9.60947E+17
1.01182E+18 1132243872
2895746039 48707597
1.07501E+18 9.70634E+17
8.47901E+17 50186014
2852511328 894518852
1958816220 2920033789
8.42956E+17 827801822
9.70634E+17 235261861
1.01182E+18 1.02149E+18
3001243744 894518852
1.2062E+18 4263007693
50782791 3863970262
1.1978E+18 3347998991
2455763407 256395922
7.33994E+17 8.44153E+17
7.69359E+17 71684691
543855469 48707597
23247501 7.12455E+17
1.07885E+18 1241814552
877122703 2768557727
700587741 2242987496
2920033789 487119609
8.22474E+17 9.66647E+17
9.06345E+17 201295507
345609141 7.89188E+17
7.10124E+17 487119609
543855469 57903417
9.8347E+17 1.16531E+18
170793415 169974815
275409235 2445765961
1.01182E+18 202432028
1.01182E+18 2773863188
1.09791E+18 827801822
1.12783E+18 3867945679
1.01182E+18 2464731932
2587693555 4338452835
17927372 235261861
1.06411E+18 2476114508
1.01182E+18 82124446
44695301 1175299088
1270025862 1324960710
47332433 235261861
3116196557 1132243872
1.09791E+18 3065972386
9.33029E+17 22600469
185571406 352684272
1.14846E+18 34677653
1.01182E+18 17925320
868665666 371974097
1.12181E+18 20664366
14464195 14056108
8.06145E+17 894518852
1.00423E+18 1.13185E+18
222199293 1132243872
2469549048 308613286
322886464 525529406
66804129 69133574
1.01182E+18 14159148
8.24071E+17 827801822
1.15205E+18 71684691
534563976 534563976
9.58257E+17 827801822
1.21068E+18 1002212251
1.01182E+18 2429051735
9.78092E+17 71684691
2745567077 894518852
9.23514E+17 212192216
1.143E+18 1175299088
1.07501E+18 548687105
4746728178 207166307
1.01182E+18 181238758
2598008163 308613286
7.49288E+17 3065972386
1.01182E+18 144592995
1237502864 2913998913
1.00681E+18 273200904
1.01182E+18 1.08089E+18
2365729350 8.8187E+17
1.01182E+18 19448058
1.1097E+18 9.60947E+17
9.49312E+17 1260514195
7.79287E+17 1.13493E+18
2830422401 2369530147
9.24173E+17 827801822
1.01182E+18 140195436
1.07501E+18 9.23514E+17
1.06351E+18 8.44153E+17
75958753 2906036650
1.01182E+18 77442727
9.33029E+17 312295459
1.07501E+18 16728586
7.44776E+17 3065972386
9.7162E+17 4338452835
4908885163 4263007693
9735202 226310002
1.01182E+18 2283771
1.07501E+18 7.89188E+17
103079601 2445765961
1.07501E+18 814826774
51798900 1.03855E+18
313525664 534563976
467571920 108979413
1.17461E+18 48707597
2534137042 17778401
1.07501E+18 10915042
7.7928E+17 326077427
9.19745E+17 1320130406
1.20923E+18 69133574
93960358 1068951084
1329937658 2344530218
1.01182E+18 4695216853
7.60871E+17 1.05853E+18
1284058508 9.74708E+17
9.30872E+17 10671602
3409901933 3409901933
1.07501E+18 1269440827
7.83966E+17 894518852
1.01182E+18 1858383722
1.00681E+18 9.31043E+17
301687349 27195114
1.18122E+18 2335620763
7.49288E+17 827801822
1.11267E+18 9.20625E+17
1.01182E+18 7.58273E+17
22191337 206645598
3233909218 550048264
9.97138E+17 128042269
1.01182E+18 199302553
597868047 9.60947E+17
1.09791E+18 2920033789
7.69359E+17 3062012287
8.2352E+17 18068926
1.13637E+18 71684691
266696234 48707597
1241814552 5685812
1.03542E+18 3867945679
28766576 9.70634E+17
1725586944 46245868
9.84892E+17 2768557727
1.16483E+18 400409011
3092381638 4695216853
127774379 34677653
343573021 1132243872
7.33994E+17 169974815
1579555238 7.33994E+17
7.19866E+17 894518852
1.06696E+18 50186014
8.26097E+17 207166307
54091564 2344530218
2305295138 308613286
7.09565E+17 2369530147
2933447393 254107028
1.07501E+18 326077427
9.18107E+17 235261861
7.57023E+17 48707597
2962427036 2445765961
7.93225E+17 9.74141E+17
1.01182E+18 79491826
179262670 48707597
8.36526E+17 1067369677
8.12555E+17 71684691
523509803 894518852
1.07291E+18 4263007693
7.10124E+17 3065972386
7.91719E+17 13074042
1953297788 9.12387E+17
1.07501E+18 20664366
10915042 627909509
3237259220 8.44153E+17
1.07501E+18 346069550
9.74708E+17 13334762
1426690610 2499047479
70137164 407200271
1.18542E+18 5402612
7.94243E+17 9.74141E+17
1.01182E+18 10915042
144104581 2440610314
95190196 169974815
1.15205E+18 827801822
1.01182E+18 2840658614
9.24173E+17 2920033789
339948520 1568606814
3307397045 2768557727
1.01182E+18 27195114
3395637394 2768557727
9.7162E+17 48707597
2895746039 2344530218
1.13185E+18 827801822
7.01134E+17 9.74141E+17
44695301 15367467
296634911 2446432153
503776268 1132243872
1.01182E+18 20163265
1.13637E+18 827801822
1823987821 1168003974
1.01182E+18 197662233
9.8347E+17 1.20311E+18
179262670 207166307
9.12762E+17 308613286
54091564 4338452835
13998882 525529406
1.21316E+18 3867945679
1.01182E+18 3412916241
1.143E+18 9.74141E+17
14883641 8.43852E+17
2435967874 1.08089E+18
1.01182E+18 241965996
1.01182E+18 1.05853E+18
9.30872E+17 1175299088
7.09565E+17 3867945679
1.143E+18 15821353
1.06891E+18 2344530218
112026753 1823987821
8.62132E+17 14505838
9.7162E+17 1.00423E+18
1.01846E+18 1.01846E+18
7.76597E+17 14351134
91424098 256395922
1.01182E+18 404405090
8.93189E+17 71684691
1.01182E+18 3448770088
1.17461E+18 15754281
102377858 128042269
3146740677 3065972386
41130861 256395922
1.05247E+18 1568606814
1.00735E+18 9.73955E+17
415863443 235261861
1.01182E+18 22647853
1.12178E+18 1.01491E+18
1.01491E+18 827801822
3509153594 9.74141E+17
211316225 827801822
2365729350 156174036
3651992175 71684691
1.19073E+18 2920033789
1.07501E+18 2544177302
125325214 235261861
2830187256 1.15193E+18
2223779250 1583257748
2283771 89378676
1943363076 1.01491E+18
3065738848 1068951084
1.07501E+18 374659701
1.06891E+18 4338452835
1.01182E+18 9.46193E+17
1.03397E+18 2435407770
1.06696E+18 48707597
3320318445 1324960710
103516223 9.60947E+17
1.19821E+18 9.74141E+17
3240601754 3062012287
257757365 68340540
3131302497 2445765961
190179815 8.44153E+17
595286659 13074042
190197157 8.44153E+17
299486953 28158354
162285784 12514782
128042269 128042269
1115955007 6245822
1.01182E+18 76515242
9.19745E+17 2773444862
8.85868E+17 1.01491E+18
1.01182E+18 253412938
7.42831E+17 3224696267
9.8347E+17 128042269
8.12555E+17 487119609
921269952 1.14846E+18
1.01182E+18 2427666512
1.00681E+18 9308212
8.3013E+17 3867945679
400409011 2242987496
80719166 3030511365
7.69359E+17 1.01491E+18
1.07501E+18 28766576
7.49288E+17 1.01491E+18
1.07501E+18 317271050
83336535 15754281
24914741 68746721
7.49288E+17 3867945679
76878197 2476114508
8.85513E+17 3065972386
133004518 4263007693
24228154 235261861
1.07501E+18 25213966
1.01182E+18 285614027
1.12181E+18 17369964
1823987821 9.60947E+17
368551889 503776268
2587693555 2344530218
318466467 9.60947E+17
2331871578 407200271
2961659266 611597719
9.04618E+17 3062012287
1.19155E+18 23378774
7.96066E+17 57903417
9.19745E+17 10671602
2259569294 827801822
1.17498E+18 2768557727
2596714112 342250615
621147754 2435407770
3693824417 9.20625E+17
8.53034E+17 392977409
3237259220 34677653
2279320206 2369530147
1.01182E+18 185571406
755726 16170253
1967299554 8.44153E+17
474145944 312265968
157250989 1175299088
7.37142E+17 2920033789
83336535 4263007693
1.01182E+18 7.91719E+17
1.19214E+18 1260514195
21178908 308613286
1.00681E+18 33861734
3197518417 487119609
583673433 894518852
1.15205E+18 2768557727
92026573 2920033789
1320130406 235261861
8.93189E+17 2369530147
2445564477 2912107471
1.04931E+18 285783267
1132243872 503776268
2830422401 487119609
1.07501E+18 1.15193E+18
20467154 2499047479
466062053 235261861
1431013098 1.08486E+18
1.12965E+18 235261861
1.07501E+18 14159148
1.01182E+18 390731779
8.98041E+17 2521441274
1.01182E+18 4263007693
7.06229E+17 207166307
543981616 9.5117E+17
246027111 308613286
9735202 144592995
1596489572 308613286
18356096 2912107471
2435407770 2435407770
1.00423E+18 1.17461E+18
8.75925E+17 1.06785E+18
3197518417 2768557727
8.28331E+17 3867945679
3322990754 5685812
296634911 9.85315E+17
83862233 1392826357
1.01182E+18 8.44153E+17
2920033789 3062012287
7.08559E+17 1.20217E+18
543981616 1237502864
8.84115E+17 8.62315E+17
1.14715E+18 894518852
19994927 8.44153E+17
39615607 400409011
1.01182E+18 94667885
1.06696E+18 827801822
1.01182E+18 128042269
567537377 3199856542
2283771 203682861
46245868 13074042
245217900 25213966
17270684 2445765961
1.06696E+18 71684691
1.13289E+18 9.74141E+17
103541806 149000021
3229475660 9.60947E+17
37321213 2445765961
26005455 9.74141E+17
1898418108 1388496048
8.85513E+17 71684691
1.06411E+18 15754281
2846283500 2344530218
9.55039E+17 4263007693
1.08969E+18 82124446
1.01182E+18 8.9449E+17
1.21047E+18 63219442
1081055750 105127409
7.60871E+17 8.38911E+17
1.06411E+18 7.05567E+17
1.13637E+18 2369530147
7.37142E+17 3062012287
1.17461E+18 482314645
1965998539 9.74141E+17
1.00423E+18 4908885163
7.29851E+17 2476114508
1.07501E+18 5685812
415779762 9.74141E+17
8.28331E+17 487119609
129218500 10671602
1089680935 61005910
1.09462E+18 2768557727
1.01182E+18 3190738517
1.01182E+18 2300614526
1.01182E+18 16569802
1943363076 827801822
3292818645 9.74141E+17
70137164 20444825
3199856542 13074042
1.01182E+18 2905624932
8.93189E+17 487119609
76878197 2344530218
1.07501E+18 2973406683
148439712 487119609
1.01182E+18 352684272
1.01182E+18 265902729
9.30872E+17 3065972386
314998449 2241662364
172407756 503776268
1.01182E+18 130241862
877122703 2369530147
9.77296E+17 1.13493E+18
2219758122 2865404679
294851207 1.00099E+18
1.01491E+18 2369530147
8.22474E+17 2375369748
1.01182E+18 627909509
1.15643E+18 340394880
8.89858E+17 2435407770
1.03602E+18 44196397
1.01182E+18 55129680
112026753 1067369677
3341906019 2912107471
296634911 316842679
75908507 254147480
25015865 4263007693
7.8479E+17 308613286
7.40559E+17 2167059661
1386338574 177838266
46245868 235261861
1.20923E+18 235261861
1.01182E+18 6866582
1.01182E+18 2440610314
9.68567E+17 108660744
1.01182E+18 102004715
2186540377 2840786109
3347998991 3230388598
1.20383E+18 2440258777
466400265 198322962
385573872 9.74141E+17
7.12455E+17 827984604
2830301418 4263007693
1.04931E+18 482401730
307229074 295344317
9.7162E+17 9.7162E+17
1.07501E+18 7.05567E+17
1.19362E+18 899690604
1.01182E+18 2361771812
1329937658 207166307
2409201906 1205152848
1.16389E+18 15754281
211316225 3867945679
1.01182E+18 14792079
253412938 8.15555E+17
47332433 2973406683
496593755 534563976
2339161019 207166307
1579555238 1579555238
2367325524 1241814552
935932922 2344530218
150055226 9.60947E+17
1.01182E+18 267255057
1.17461E+18 2369530147
8.93189E+17 1.01491E+18
1.01182E+18 24914741
9.73955E+17 3230388598
2834760033 48707597
10552072 169974815
145686963 50579258
1.01182E+18 212192216
1241814552 46245868
59773247 899690604
1.21047E+18 19612436
257757365 110427212
66804129 2254561
1534730383 70736359
766431397 1260514195
24914741 7.25007E+17
1.13185E+18 3867945679
3092381638 137712607
2499047479 235261861
368551889 862642152
1.03542E+18 2768557727
1.07501E+18 827984604
1374177660 2568371033
1.01182E+18 8172972
7.10124E+17 4263007693
9202502 13074042
235698448 14505838
2565809797 9.60947E+17
60612671 827801822
1.01182E+18 19539923
3146740677 2920033789
452355286 10671602
1.01182E+18 423847851
7.34896E+17 12514782
264133254 1132243872
7.09565E+17 108920155
2525480741 13074042
7.89801E+17 4338452835
1.01182E+18 34286487
9.23514E+17 19302389
9.51706E+17 9.74141E+17
2283771 1493169601
1.14023E+18 2303856248
92026573 15754281
1.01182E+18 32264463
1.01182E+18 31017151
1.18932E+18 128372940
3146740677 2369530147
846721285 4338452835
3240601754 3867945679
9202502 235261861
2446400162 235261861
7.09565E+17 2344530218
8.79784E+17 1068951084
9.30872E+17 3867945679
1943363076 71684691
1.16389E+18 4263007693
487591585 2344530218
116995067 9.74141E+17
1.17498E+18 827801822
2279320206 487119609
2480714952 326077427
162285784 267113991
1611951505 933170624
95190196 8.44153E+17
1.09791E+18 2768557727
1.04903E+18 10915042
15508129 423847851
1.19073E+18 2768557727
497125862 2912107471
1.01182E+18 8.95815E+17
308613286 1132243872
1594165760 2242987496
294851207 1175299088
1.12732E+18 188839854
1.03855E+18 3223556845
9735202 48707597
1678054609 2499047479
1953297788 7.7049E+17
9.84892E+17 2920033789
1374177660 20212944
7.10124E+17 9.74141E+17
9.78092E+17 2768557727
1.13637E+18 1.01491E+18
1.01182E+18 1.03703E+18
8.75603E+17 14505838
1.01491E+18 2768557727
1.07501E+18 46721140
310897418 1.18389E+18
1110127915 4338452835
1.21108E+18 423847851
136476512 235261861
2895746039 226310002
78865528 9.60947E+17
7.96122E+17 4338452835
7.44529E+17 226310002
61023924 1.06021E+18
107702536 4338452835
1.01182E+18 50782791
1.01182E+18 294851207
1.07501E+18 1.20311E+18
179262670 57903417
7.43198E+17 4338452835
9.8347E+17 2840786109
30415439 1.13493E+18
3537604512 34677653
1.10546E+18 1212465001
1.21047E+18 34286487
1.00423E+18 1.00423E+18
1.01182E+18 7.42788E+17
1.20923E+18 3655412534
7.10124E+17 1.01491E+18
1.01182E+18 1.2077E+18
7.7928E+17 3190738517
400694446 1.00437E+18
148439712 3867945679
1.01182E+18 1.02021E+18
324774472 9.60947E+17
3867945679 3346433337
47239788 1067369677
8.93775E+17 46721140
2565809797 235261861
8.12555E+17 2920033789
1.09791E+18 3867945679
324774472 13074042
1320130406 2773444862
3230388598 14351134
60612671 2920033789
9.04618E+17 2369530147
2534137042 534563976
51909512 1678564044
2852511328 1.13493E+18
741343590 2344530218
3346433337 1.01491E+18
2933447393 3062012287
61190451 342250615
8.12555E+17 3867945679
9.7162E+17 9.49312E+17
207166307 2344530218
1386338574 191777364
17367248 3219613538
1.19672E+18 8.44153E+17
8.93189E+17 2920033789
295344317 169974815
35231733 17399269
1.01182E+18 130106305
1823987821 235261861
8.6923E+17 1530064784
1.13289E+18 4263007693
3402258700 3190738517
496593755 17778401
534563976 17778401
9.97039E+17 894518852
754517918 2499047479
3240601754 3065972386
1909185565 8.9449E+17
9.55709E+17 487119609
1.18389E+18 7.88899E+17
1.01182E+18 750554018
2704581690 1.19073E+18
1.01182E+18 1327266882
7.7351E+17 9.74141E+17
9.47924E+17 1602764971
7.37142E+17 7.08559E+17
488480041 1.17924E+18
1.14846E+18 25213966
7.06797E+17 9.23514E+17
1.18542E+18 177547780
116995067 4338452835
7.96066E+17 48707597
9.55709E+17 3062012287
1.1491E+18 4263007693
1.01182E+18 7.42831E+17
1.01182E+18 2912107471
251586332 169974815
1.07501E+18 386807528
1.15205E+18 3062012287
14629263 1.16531E+18
1426690610 25213966
8.50979E+17 13074042
266762558 9.74708E+17
877278595 1.01051E+18
35418170 44695301
8.85513E+17 3062012287
115311127 1.01491E+18
148439712 2920033789
1.15205E+18 3867945679
8.42956E+17 2369530147
50186014 1068951084
9.25683E+17 2768557727
1.07501E+18 144592995
24914741 1324960710
1943363076 3062012287
75958753 128042269
4466075238 1.00005E+18
1.01182E+18 500162083
8.12425E+17 1260514195
61005910 61005910
2933519596 340394880
7.49288E+17 487119609
8.12555E+17 4263007693
3342954622 46245868
3158451439 71684691
7.68441E+17 207166307
877122703 1.01491E+18
1.01182E+18 176926525
3199856542 9.60947E+17
939736428 27337930
7.7351E+17 207166307
1.09726E+18 2344530218
2830301418 15754281
3232811052 894518852
1.01182E+18 8.577E+17
57650052 1.21047E+18
1.15004E+18 148942360
1.01182E+18 165457545
7.55517E+17 169974815
481343324 5787532
3402547923 503776268
1.01182E+18 3141499921
1.01182E+18 1493169601
115311127 3062012287
8.90844E+17 4263007693
9596682 13074042
1.01182E+18 1.18542E+18
27970238 207166307
59057485 3065972386
9.6485E+17 10671602
207166307 4338452835
3867945679 4633772304
1.17498E+18 487119609
713888008 9.74141E+17
3131302497 2912107471
1.07501E+18 3224696267
7.94243E+17 207166307
1.01182E+18 75958753
22753886 2344530218
201182792 235261861
1904357113 169974815
1.17571E+18 15754281
381225155 130241862
2933447393 1.01491E+18
1.01182E+18 46721140
222783442 2768557727
1.01182E+18 14351134
1067369677 899690604
1.00681E+18 125695429
8.36526E+17 899690604
1.01182E+18 382393
1.01182E+18 169974815
1.07501E+18 3190738517
9.73955E+17 814826774
1.01182E+18 555434190
1.06785E+18 19166519
1.07501E+18 75958753
1.17842E+18 2476114508
3867945679 131272764
2598008163 503776268
20467154 1212465001
4104255916 254107028
1.07501E+18 8.62315E+17
1953297788 1.1903E+18
1.01182E+18 2344530218
2788341922 2912107471
1320130406 9.8347E+17
23247501 176926525
1.07501E+18 3030511365
64764949 285783267
7.69359E+17 2768557727
8.93189E+17 3867945679
21506708 2499047479
49695027 8.44153E+17
1.01182E+18 1.06785E+18
14059458 316842679
1.07501E+18 1.03703E+18
9.33029E+17 3037608395
498631199 235261861
178179388 4406840266
3867945679 249457691
1.01182E+18 16728586
8.93189E+17 3062012287
1.01323E+18 20167623
7.57023E+17 207166307
1.01182E+18 19166519
700587741 400409011
329000533 9.43995E+17
8.9416E+17 19776354
1.01182E+18 16347506
9.92421E+17 2975531757
377578645 235261861
7.60871E+17 7.18404E+17
377605657 308613286
127774379 25213966
220099608 551600672
20730617 4263007693
240051701 9.60947E+17
4633772304 3867945679
1.07501E+18 862642152
543981616 2810559039
8.42956E+17 1.01491E+18
7.06164E+17 7.58273E+17
7.43198E+17 207166307
64496701 235261861
59057485 487119609
3146740677 487119609
741343590 207166307
18129188 5685812
1.13635E+18 3867945679
1.01182E+18 2331871578
1.17498E+18 3867945679
1.20311E+18 611597719
513351911 235261861
157250989 15821353
7.33994E+17 25213966
2256162268 487119609
2195325225 16274367
1.01182E+18 115192654
1360743618 295344317
1.01182E+18 4634386828
4466075238 156174036
2830422401 71684691
267255057 1.04003E+18
18068926 18068926
3135065705 2303077406
3509153594 226310002
8.62132E+17 1205152848
1.01182E+18 33861734
1.12783E+18 2920033789
1.01182E+18 400409011
285614027 244047976
1.01182E+18 46245868
20153996 2344530218
257757365 3223556845
1.03445E+18 3030511365
1.21316E+18 1.01491E+18
1.01182E+18 2544177302
1.11268E+18 252481460
1.01182E+18 1571967648
9.7162E+17 8.85513E+17
7.31808E+17 2242987496
8.37329E+17 55661900
7.93225E+17 2344530218
92026573 1.01491E+18
1725586944 1241814552
10062312 8.44153E+17
1.07501E+18 7.09811E+17
854620392 235261861
754517918 34677653
1.01182E+18 361921516
103079601 2912107471
877122703 3867945679
9.19745E+17 15821353
8.85513E+17 1269972008
1.00681E+18 724797289
1.01182E+18 39387668
95190196 25213966
148439712 3065972386
112026753 59773247
8.3013E+17 3062012287
498631199 1175299088
14987896 14802089
3867945679 3062012287
21506708 1212465001
1.01182E+18 823905
1.17498E+18 2369530147
1.09462E+18 1.01491E+18
118526360 1.01182E+18
1.21162E+18 827801822
3867945679 3078470825
1.01182E+18 63219442
877122703 827801822
1.01182E+18 1388496048
1.01182E+18 6434092
1.01182E+18 42856346
7.93225E+17 2476114508
1.12783E+18 71684691
9.82224E+17 70736359
1.1491E+18 15754281
3509153594 4338452835
2975531757 202432028
1.01182E+18 9.20625E+17
1176519156 1176519156
537331597 72403504
166211310 503776268
40572389 10062312
2511247075 9.60947E+17
14059458 2901818404
1.01182E+18 7.72331E+17
1.07501E+18 55129680
1.1623E+18 4263007693
633700365 1241814552
240051701 13074042
206945427 1558283664
1.01182E+18 27337930
2933447393 2773863188
2202340974 48707597
3158451439 2369530147
88055765 8.44153E+17
1525478358 4338452835
1.07501E+18 3958405758
3347998991 35355156
2279320206 3065972386
1.01182E+18 1.08486E+18
1.18905E+18 3062012287
1.20308E+18 1.2077E+18
100458573 15724284
2704581690 1269972008
1.01182E+18 14802089
8.35691E+17 13074042
3346433337 827801822
1.01182E+18 8.70497E+17
2830422401 2768557727
1.16531E+18 69133574
3693824417 169974815
611597719 4695216853
35029166 9.68567E+17
26005455 2344530218
390722263 13074042
211316225 487119609
1.12783E+18 2768557727
3395637394 2369530147
1.07501E+18 3448770088
40428645 2912107471
1.06891E+18 836510570
1.04124E+18 1400489058
1.01182E+18 129856330
116995067 207166307
150055226 13074042
1.20413E+18 2369530147
377605657 1132243872
1205152848 14505838
1.01182E+18 3065972386
9.58861E+17 1602764971
3075778559 25213966
1.01182E+18 20146633
8.42956E+17 2920033789
54091564 48707597
1.18905E+18 71684691
1.06696E+18 404618066
1.18542E+18 29963396
69932215 9.94991E+17
8.22474E+17 2487003684
7.44529E+17 4338452835
9.06345E+17 1.17869E+18
3867945679 2369530147
7.99361E+17 76515242
7.01134E+17 4338452835
1.19818E+18 3959153969
8.62315E+17 1601473975
3307397045 3062012287
7.12455E+17 14655164
172942846 2445765961
222783442 2920033789
2367325524 3030511365
8.85513E+17 9.74141E+17
16047639 108899342
3867945679 3115716289
1.0791E+18 1.14213E+18
531140790 70736359
9.30872E+17 3062012287
172104938 2912107471
754517918 169974815
1.09755E+18 13074042
1.01182E+18 94854626
3065738848 404618066
8.62315E+17 1132243872
19994927 169974815
2194500482 3579405317
826501 2445765961
1958816220 3062012287
50782791 1.17924E+18
1074770804 295344317
18171199 3347998991
18068926 4263007693
27970238 4338452835
7.81449E+17 400409011
8.2352E+17 4263007693
10915042 1.17428E+18
1.01182E+18 2489702532
2385898161 894518852
2279320206 2768557727
9.52705E+17 8.7152E+17
1.01182E+18 115494880
7.83966E+17 1.13493E+18
2933447393 6245822
766431397 4263007693
1.07501E+18 45847467
1943363076 2768557727
1.01182E+18 902438742
75908507 67293805
1.08969E+18 1.08969E+18
1.01182E+18 1.07364E+18
92026573 3062012287
222783442 3065972386
9.42746E+17 2344530218
2283771 8.60663E+17
9.77296E+17 894518852
7.76597E+17 5685812
116621683 308613286
50782791 2880159646
1.01182E+18 1002775310
3867945679 584001292
7.06229E+17 9.74141E+17
9.84892E+17 3065972386
8.85513E+17 2920033789
9.24173E+17 15754281
1.13289E+18 207166307
230312123 2336975714
1.17009E+18 295344317
1374177660 897457670
3263578639 7.12455E+17
1.01182E+18 731279155
2717396761 76515242
274923890 39961726
457994194 128042269
2397601188 70736359
1.01182E+18 1386338574
1.01182E+18 1579555238
1.10173E+18 897457670
803156 109312021
1.01182E+18 1175299088
1.21162E+18 71684691
15773103 295344317
9.47924E+17 744328644
59057485 3867945679
273781698 128042269
1.17571E+18 4263007693
466062053 13074042
3537604512 169974815
569962002 34677653
8.47901E+17 1068951084
1.01182E+18 1.17428E+18
4241359336 34677653
1.18998E+18 4263007693
8.85513E+17 1.19073E+18
3281035214 1.21047E+18
21178908 1132243872
76878197 4338452835
18129188 868665666
4241359336 8.44153E+17
3867945679 428376870
1.01182E+18 254624300
3867945679 485546674
8.27997E+17 787219
2385898161 1.13493E+18
1.18542E+18 265902729
1.08568E+18 4263007693
1.01182E+18 2369530147
7.09565E+17 2768557727
1.13289E+18 1269972008
2788341922 191511492
1.01182E+18 256395922
1.13635E+18 2369530147
7.96066E+17 207166307
3240601754 827801822
3357277319 1.01491E+18
1.01182E+18 100458573
1.07501E+18 176883031
3596301683 305435784
8.85513E+17 207166307
2365729350 13074042
1.01182E+18 3958405758
72026519 7.96673E+17
1.00196E+18 2912107471
1.01182E+18 933170624
1.18542E+18 45847467
425745533 8.84253E+17
7.12455E+17 4213994177
7.69359E+17 3065972386
1.01182E+18 14987896
1.01182E+18 3320318445
23946982 1.21068E+18
1965998539 2344530218
9.52705E+17 899690604
1.01182E+18 330749926
1.01182E+18 16170253
15231924 1241814552
324774472 235261861
8.95815E+17 543981616
1.01182E+18 1.01706E+18
8.94665E+17 9.85315E+17
9.30872E+17 267113991
1.06696E+18 1.08604E+18
1.01182E+18 474145944
1.07501E+18 27483951
1823987821 13074042
7.44776E+17 3867945679
292352077 1.01182E+18
1.01182E+18 1.02987E+18
35874536 70736359
629399145 169974815
115311127 2369530147
2708031549 2445765961
7.10124E+17 45847467
1.01182E+18 1.20217E+18
8.6296E+17 1020399722
2834760033 4263007693
1.12594E+18 1132243872
1.01182E+18 9.74141E+17
1.01182E+18 1.15895E+18
93960358 750554018
1636672459 894518852
92026573 487119609
3028524397 252481460
3354999513 5685812
7.68441E+17 2344530218
21248597 144592995
939736428 126615639
9.63115E+17 15754281
1.15475E+18 417927225
1.18998E+18 1260514195
296634911 1392826357
1.01182E+18 252684336
1923903962 2912107471
1.01182E+18 1.17236E+18
47239788 59773247
3651992175 2369530147
118526360 4345403860
8.37329E+17 82271858
931068577 1175299088
246027111 503776268
8.24071E+17 3065972386
2259569294 2920033789
9.30872E+17 2920033789
1.01182E+18 8.65939E+17
2511247075 235261861
1.07501E+18 1320130406
7.09565E+17 207166307
1583435396 3867945679
1.12941E+18 1.16531E+18
381056045 1068951084
88055765 1324960710
2750427137 543981616
621147754 2440610314
1.07501E+18 2773863188
3395637394 3062012287
9.63115E+17 4263007693
1.06411E+18 20167623
1583435396 827801822
898142425 1568606814
1.07501E+18 1.07364E+18
2499047479 1241814552
7.0109E+17 57903417
39387668 13074042
8.62315E+17 140195436
4695216853 611597719
1.02021E+18 1.02021E+18
53594876 34677653
3693824417 8.44327E+17
4187716153 13074042
1.21047E+18 3579405317
1.01182E+18 235232210
162285784 1.01182E+18
6107392 18068926
1.09462E+18 71684691
389021740 543254812
2414609995 3867945679
8.24071E+17 2768557727
2972141345 108920155
8.96072E+17 827984604
1.12594E+18 308613286
1.01182E+18 2326716338
7.30409E+17 1.01182E+18
8.28331E+17 3065972386
257421224 169974815
8.44153E+17 169974815
1.01182E+18 41435950
8.50979E+17 235261861
1.01182E+18 27483951
94910867 25213966
84653850 2445765961
2442506964 894518852
8.92118E+17 295344317
2933447393 3867945679
1.01182E+18 252481460
1.01182E+18 64863875
125325214 13074042
2221004379 295344317
92026573 2768557727
8.85868E+17 827801822
1.06411E+18 108920155
2259569294 3867945679
9.25683E+17 71684691
82124446 1.08969E+18
11898872 2499047479
377578645 13074042
105651575 1260514195
366142567 894518852
1.01182E+18 1.15193E+18
1.2077E+18 84618490
9.19745E+17 1175299088
13998882 14505838
9.58257E+17 2369530147
1.03542E+18 2920033789
241445758 827801822
7.06229E+17 2344530218
1.07501E+18 2344530218
1.13185E+18 4263007693
1.01491E+18 3867945679
7.68441E+17 4338452835
1.01182E+18 7.12455E+17
1.01182E+18 160083636
1386338574 265902729
193712217 2933519596
18171199 2241662364
1.01182E+18 1.09744E+18
1.2038E+18 1.18932E+18
1.03549E+18 1.02021E+18
8647102 69133574
2830187256 386807528
1.06696E+18 108920155
24914741 82407578
185571406 9.90644E+17
78865528 13074042
1.01182E+18 2152668890
1.19073E+18 48707597
1.07501E+18 1.18542E+18
59057485 2768557727
301687349 13074042
3046338747 25213966
4633772304 2369530147
1.01182E+18 1241814552
1.06696E+18 17778401
3197518417 2920033789
3230388598 13074042
2640938963 252481460
1.14715E+18 1.13493E+18
7.49288E+17 2369530147
8.2352E+17 534563976
7.69359E+17 2369530147
46245868 46245868
2776752385 308613286
1.14846E+18 169974815
1.01182E+18 1.04003E+18
1.20846E+18 80711731
8.6923E+17 3230388598
19539923 1324960710
18129188 64496701
1.01182E+18 61005910
2976656661 2344530218
1.09868E+18 2912107471
9.06345E+17 304129440
1.15205E+18 3065972386
1.01182E+18 814826774
1.07501E+18 7.7049E+17
274923890 2242241058
720477266 548687105
1.19013E+18 1.13493E+18
1965998539 4338452835
108979413 39010299
9.84892E+17 1.01491E+18
14778204 14505838
20212944 897457670
498631199 9.97095E+17
1329937658 9.74141E+17
9.92421E+17 3114789018
1241814552 9.60947E+17
330749926 273781698
8.73356E+17 744328644
1.04582E+18 1.18389E+18
8.01485E+17 207166307
3158451439 487119609
1.01182E+18 1.21068E+18
53528086 9.60947E+17
456141525 70736359
3046338747 34677653
3266733445 34677653
345609141 7.09811E+17
1.07501E+18 2840786109
7.0258E+17 8.42679E+17
2283771 252684336
9.06345E+17 33639255
8.96864E+17 8.40603E+17
7.37142E+17 71684691
101800957 611597719
1.09977E+18 119411882
92026573 827801822
8.85868E+17 2768557727
1823987821 39387668
318466467 235261861
32264463 9.6192E+17
1.17461E+18 3867945679
1.01182E+18 3199856542
22753886 503776268
9.8347E+17 1241814552
7.96066E+17 2344530218
1.01182E+18 14145371
1241814552 9.43995E+17
8.28331E+17 71684691
281126525 1571967648
1.03855E+18 2510885280
1.20846E+18 36771809
14464195 14465315
361921516 8.73503E+17
1.07501E+18 188839854
3167778757 7.89188E+17
368551889 9.60947E+17
1.04956E+18 9.60947E+17
1.01182E+18 2973406683
1.06411E+18 534563976
18356096 2445765961
390722263 235261861
9.06345E+17 244787564
4633772304 2920033789
137349966 1068951084
1.01182E+18 2782755278
2830422401 3065972386
7.93225E+17 207166307
9.47924E+17 9.58861E+17
382732734 128372940
3867945679 3307397045
624247876 4263007693
9.64387E+17 33861734
257757365 274034881
1130449033 76780096
1.01182E+18 939736428
713888008 4338452835
17369964 235261861
9.24173E+17 3062012287
2765966138 2330223926
2776752385 503776268
18129188 371974097
9.46193E+17 1176519156
1583435396 487119609
962808924 8.42679E+17
7.42585E+17 8.02693E+17
1958816220 3867945679
75958753 374659701
1110127915 2344530218
129026706 482401730
1.18905E+18 3867945679
3158451439 827801822
3158451439 3065972386
3395637394 3065972386
330749926 547152273
9.42746E+17 9.74141E+17
404405090 1211339936
4044779055 177729631
1.06696E+18 74735972
7.91719E+17 235261861
20212944 1374177660
3090421505 76605694
375921232 7.12455E+17
1.19647E+18 108920155
1.01182E+18 2640938963
2737153135 47332433
3346433337 487119609
76878197 207166307
35029166 108660744
1270312236 1324960710
1.01182E+18 5787532
18129188 47332433
1.17842E+18 2344530218
222783442 487119609
261982279 1.13493E+18
166211310 308613286
1.01182E+18 15374541
1.19451E+18 15754281
488480041 50782791
567537377 235261861
8.26097E+17 9.74141E+17
1.03855E+18 40270600
1.01182E+18 1205152848
1.21162E+18 2369530147
1.01182E+18 9.60947E+17
1.09462E+18 2920033789
1.13493E+18 894518852
1.19215E+18 33861734
10552072 8.44153E+17
479600113 827984604
3001893383 70736359
169974815 25213966
1.21316E+18 3062012287
1657315094 4263007693
1130449033 8.76174E+17
8.577E+17 2973406683
4193801125 9.74708E+17
9.18107E+17 9.18107E+17
1.01182E+18 21248597
1.00423E+18 9.7162E+17
8.62132E+17 525529406
9.58257E+17 71684691
7.01134E+17 48707597
7.84904E+17 4263007693
3075778559 34677653
7.96122E+17 207166307
567537377 47332433
1.12428E+18 33861734
220099608 1237502864
160083636 129856330
1943363076 487119609
72026519 7.35173E+17
111366242 3867945679
169974815 170793415
1394022188 902438742
281126525 235261861
1.01182E+18 44196397
1.01182E+18 820089602
7.67675E+17 1324960710
1.13635E+18 827801822
1.07501E+18 8.15555E+17
69577776 2427666512
1.01182E+18 52186707
251586332 34677653
1.17685E+18 188545143
1.13637E+18 3867945679
1.01182E+18 108899342
1.17236E+18 1117333567
2282270222 14505838
15696647 18068926
3092381638 548687105
7.41998E+17 308613286
944231 2973406683
3402258700 326077427
95233492 9.97095E+17
22191337 235261861
101463274 235261861
7.73229E+17 9.74141E+17
1653264782 1.11267E+18
64854709 132455164
8.42956E+17 3867945679
1.13185E+18 487119609
3240601754 2768557727
166348278 8.42679E+17
3092381638 611597719
479600113 7.12455E+17
1.01182E+18 267113991
9.7162E+17 1269972008
1.09726E+18 2476114508
3146740677 3867945679
222199293 308613286
567537377 9.60947E+17
3001012567 2499047479
8.31399E+17 13074042
3587509940 144529492
428345347 48707597
111457430 750554018
7.04116E+17 894518852
2365729350 386807528
2421258066 294851207
1.18542E+18 1386338574
27970238 9.74141E+17
481343324 1386338574
8.85513E+17 3867945679
1.21047E+18 247507363
2708031549 2912107471
211316225 2369530147
16728586 108899342
7.37142E+17 3065972386
1.20846E+18 80180108
64496701 9.60947E+17
3867945679 8.26925E+17
1.08619E+18 2440610314
1.01182E+18 8363812
9.58257E+17 1.01491E+18
7.60871E+17 1.10617E+18
9.55709E+17 3867945679
2414609995 2369530147
245217900 34677653
179235678 4338452835
7.52982E+17 9.13313E+17
257757365 1.02987E+18
2830422401 3062012287
1.09791E+18 3062012287
7.37142E+17 226310002
2259569294 1.01491E+18
8.85513E+17 16403618
3867945679 3065972386
7.97609E+17 1.20217E+18
1.03542E+18 534563976
9.8347E+17 8.02693E+17
25015865 48707597
754517918 33861734
1516768171 252481460
1.01182E+18 44695301
1241814552 1.16531E+18
308613286 503776268
3322990754 14351134
741517452 1205152848
3867945679 3395637394
1.21162E+18 3867945679
513351911 469182585
1.17461E+18 1.18389E+18
2292388388 15821353
1.01182E+18 8.58849E+17
1.01182E+18 1.1128E+18
1386338574 45847467
1.01182E+18 425745533
24914741 244504407
47186498 15962292
1.18905E+18 3065972386
1.19013E+18 894518852
7.26554E+17 2445765961
262811152 2499047479
1.07501E+18 207166307
1242331776 3320318445
2895746039 207166307
618637005 9.6068E+17
76878197 9.74141E+17
166211310 1132243872
2229505322 2229505322
211316225 3062012287
1426690610 34677653
107702536 9.74141E+17
2409201906 525529406
8.9416E+17 621507832
1.01182E+18 1.17924E+18
3357277319 3065972386
3395637394 487119609
8.85513E+17 48707597
2202340974 9.74141E+17
266696234 4263007693
3693824417 1.11267E+18
9.7162E+17 4263007693
1.20413E+18 3867945679
84618490 16534741
1.01182E+18 7.46416E+17
7.43198E+17 2344530218
846721285 48707597
9.05575E+17 48707597
9.73403E+17 207166307
1.03855E+18 304837258
128042269 9.43995E+17
1700447018 4695216853
8.30122E+17 7.89188E+17
2363991360 4338452835
99989439 2242987496
1.01182E+18 1558283664
1.01182E+18 2717396761
1.01182E+18 3409901933
111366242 71684691
1.01182E+18 1.11267E+18
14351134 8.70497E+17
11963792 1241814552
1.07501E+18 7.37399E+17
1.09462E+18 487119609
310897418 94854626
1.20923E+18 3230388598
148439712 2369530147
1241814552 2303856248
498631199 597868047
1.03855E+18 110427212
1.12181E+18 235261861
1.01182E+18 194562818
34677653 34677653
1.09201E+18 69133574
9.04618E+17 2768557727
498631199 9.18107E+17
2489702532 144592995
1.19073E+18 15754281
2385131 2973406683
2292388388 8.44153E+17
1566929401 548687105
1720066448 19539923
296634911 3230388598
1.01182E+18 381225155
8.73195E+17 2912107471
409999122 400409011
7.95133E+17 15934026
46245868 1241814552
1.13637E+18 3062012287
1583435396 1.01491E+18
4289114122 71234717
7.17312E+17 20146633
28766576 1.07501E+18
3509153594 207166307
1.01182E+18 4345403860
201182792 13074042
892281014 1175299088
3346433337 71684691
15231924 1.16531E+18
569962002 8.44153E+17
483273973 2773444862
50782791 25819761
2788341922 1175299088
61190451 68583134
9.38495E+17 9.60947E+17
9.52705E+17 1823987821
7.29851E+17 207166307
234639036 188545143
1.03397E+18 2440610314
322886464 1205152848
17369964 20664366
3247353003 2445765961
1.13482E+18 235261861
34677653 25213966
2933447393 2920033789
1.07501E+18 169974815
1.14265E+18 2912107471
282980773 1212465001
1.17461E+18 2768557727
9.5924E+17 13074042
8.85513E+17 487119609
9.92302E+17 9.74141E+17
1965998539 226310002
2256162268 2920033789
1.07501E+18 2901818404
9.78092E+17 3062012287
9.82224E+17 2397601188
1.01182E+18 292352077
60612671 71684691
428345347 226310002
9.93831E+17 20167623
731279155 235261861
1.03542E+18 827801822
1.21162E+18 3062012287
107702536 2344530218
497125862 2445765961
8647102 3655412534
111366242 487119609
8.42956E+17 3062012287
1.07501E+18 77442727
1.05247E+18 3091570785
9.58104E+17 1241814552
1.01182E+18 551600672
1.04137E+18 207166307
1.01182E+18 435192098
1.06696E+18 2920033789
3260549083 13074042
3867945679 2248894694
1.01182E+18 1.04956E+18
8.3013E+17 3065972386
230312123 12514782
1.01182E+18 7.7049E+17
1.01182E+18 8.02693E+17
9.8347E+17 9.43995E+17
1.01846E+18 18068926
7.50419E+17 3030511365
9202502 7.84195E+17
3509153594 2344530218
1.09388E+18 894518852
1.07501E+18 2773444862
2414609995 3065972386
9.87035E+17 382968137
4172817117 1.20491E+18
4104255916 2773863188
69577776 190179815
49035640 273781698
1.11317E+18 1.14E+18
7.85993E+17 207166307
626357965 1.13493E+18
1.19996E+18 20167623
368551889 1.16531E+18
1.00196E+18 2445765961
1583435396 2920033789
752974124 108660744
1.01182E+18 1.16214E+18
51232377 827984604
416191847 2445765961
1.01182E+18 386807528
53528086 13074042
1.13185E+18 2369530147
2259569294 3062012287
1.1097E+18 235261861
94910867 34677653
2565809797 13074042
162285784 1537170692
60612671 3867945679
169974815 34677653
52306752 25213966
1.18137E+18 15821353
428345347 9.74141E+17
190197157 34677653
1.07501E+18 3017241909
9.92421E+17 202432028
2961659266 17242884
1.01182E+18 548687105
1.01182E+18 59773247
1.21316E+18 2768557727
3946245767 2440258777
7.94243E+17 4338452835
420976205 13074042
1.08568E+18 9.72679E+17
9.50593E+17 1.13493E+18
179262670 2344530218
1.01182E+18 350283265
9.25683E+17 1.01491E+18
1.01493E+18 1205152848
333011425 9.74141E+17
40572389 16047639
1.08089E+18 14629263
1.01706E+18 47332433
7.06164E+17 2330223926
8.94665E+17 43186378
75908507 1.07501E+18
2177994343 10671602
1.01182E+18 1.14E+18
1.01182E+18 534563976
7.44529E+17 9.74141E+17
1.01182E+18 7.35173E+17
8.42956E+17 3065972386
750554018 1068951084
377578645 9.60947E+17
1.00426E+18 13074042
222199293 503776268
2830195082 13074042
531140790 2397601188
95233492 9.18107E+17
308613286 308613286
1.05833E+18 129386861
1.20673E+18 15754281
1.01182E+18 7.12806E+17
1.06696E+18 3065972386
1611951505 8824902
2831401824 9.18107E+17
9.20022E+17 14505838
3293687620 207166307
1.17461E+18 4263007693
7.06793E+17 7.58273E+17
14770018 25213966
8.44153E+17 34677653
2927290219 8.31943E+17
1.01182E+18 8.73503E+17
1.01182E+18 3230388598
87581736 202432028
1.01182E+18 14225080
7.37142E+17 45847467
47239788 899690604
1081055750 2856476915
2177994343 15821353
594421145 7220752
2933447393 71684691
185571406 543981616
169974815 8.44153E+17
115311127 3867945679
1965998539 2476114508
859116252 1175299088
7.49288E+17 71684691
9.7162E+17 18068926
7.37142E+17 48707597
944231 235261861
3240601754 487119609
82514125 503776268
52306752 34677653
2363991360 9.74141E+17
69133574 13074042
115311127 2768557727
1.09462E+18 3062012287
5687992 5685812
3347998991 18171199
1.01182E+18 2241662364
162285784 1068951084
7.49288E+17 2768557727
3150544995 87706747
1.01182E+18 317271050
9.58257E+17 3867945679
921269952 235261861
1.07501E+18 481867656
61005910 1327266882
1958816220 2768557727
148439712 71684691
7.85993E+17 4338452835
3165455166 1132243872
7.44776E+17 2369530147
2920033789 3867945679
2351800310 1.13493E+18
51713026 9.0467E+17
4466075238 8.8187E+17
80719166 1241814552
59773247 1067369677
1.07501E+18 3320318445
1.07501E+18 199302553
346069550 235261861
1.00005E+18 8.8187E+17
7.60871E+17 15374541
1.12783E+18 487119609
82514125 308613286
2830422401 1.01491E+18
1.07501E+18 8.93775E+17
8.96864E+17 7.35173E+17
1.21316E+18 2920033789
115311127 827801822
1678054609 1212465001
1.01182E+18 9.68567E+17
9.24173E+17 71684691
169136907 169974815
17184615 1374177660
3197518417 3867945679
7.49288E+17 3062012287
1.06411E+18 9.74141E+17
1.17498E+18 3062012287
1.09791E+18 487119609
1653264782 9.20625E+17
1.01182E+18 118526360
1.01182E+18 191777364
1130449033 69133574
3016051375 13074042
202432028 202432028
4908885163 1260514195
8.24071E+17 2369530147
1.01182E+18 235262823
1.01182E+18 2613859267
1.01182E+18 393334207
322886464 2282270222
1117333567 181238758
103516223 235261861
1.01182E+18 312265968
2173874229 9.74141E+17
17473349 256395922
64692514 4263007693
53594876 169974815
1.07501E+18 7.39773E+17
84653850 2912107471
1.01182E+18 19304217
3357277319 2768557727
40572389 51263711
241445758 2920033789
1.07501E+18 254107028
9.49312E+17 4263007693
53594876 8.44153E+17
1.13467E+18 18068926
7.73229E+17 57903417
1.20413E+18 2920033789
3395637394 827801822
3357277319 71684691
2256162268 2369530147
304844046 1132243872
9.19745E+17 10915042
1.01182E+18 61023924
1.01182E+18 7.09811E+17
281126525 47332433
1.08619E+18 2435407770
1.19073E+18 9.72679E+17
611597719 235261861
1.07501E+18 9.60947E+17
1.09791E+18 2369530147
7.69359E+17 487119609
3307397045 827801822
3867945679 1466009443
713888008 2476114508
9.20022E+17 1205152848
3867945679 578908559
1.17945E+18 543981616
299486953 7.52617E+17
172104938 2445765961
2282270222 1205152848
172407756 308613286
2297054509 15754281
1.01182E+18 3167734591
1.03703E+18 7.39773E+17
35794978 235261861
254714599 170793415
241445758 487119609
3346433337 3062012287
8.75603E+17 1205152848
115311127 487119609
8.24071E+17 18068926
1.01182E+18 3224696267
4634386828 390731779
8.3013E+17 1.01491E+18
92026573 3867945679
1.01182E+18 64496701
8.24071E+17 487119609
629399145 25213966
1.20846E+18 1.16531E+18
152352020 6434092
1.01182E+18 503776268
1.18389E+18 71612014
7.44776E+17 1.01491E+18
2972141345 17778401
1.09462E+18 3867945679
1.07501E+18 2254561
806187793 1068951084
7.58273E+17 7.58273E+17
735160308 294851207
211316225 71684691
7.19866E+17 13074042
59057485 71684691
190748518 295344317
1943363076 3065972386
1546188247 308613286
1176519156 9.46193E+17
478311685 525529406
2442506964 1.13493E+18
1.07501E+18 253412938
1.01182E+18 55667378
2773863188 254107028
1.01182E+18 338249981
8.92118E+17 169974815
1.19073E+18 20562637
17184615 897457670
377439160 13074042
1.01182E+18 91424098
877122703 3062012287
162285784 2336975714
1.01182E+18 244047976
8.12555E+17 827801822
8.24071E+17 2920033789
1.06916E+18 1.13493E+18
2351800310 894518852
1.1623E+18 1260514195
7.44529E+17 48707597
64764949 22037917
1949796822 15821353
32463745 235261861
222783442 827801822
374420755 235261861
7.57023E+17 2344530218
162285784 1175299088
77442727 235261861
1.07501E+18 1.00953E+18
1.01182E+18 17161988
7.19866E+17 1.14846E+18
26512941 2912107471
8.85513E+17 827801822
3247353003 2912107471
1.15137E+18 1.21068E+18
1.17461E+18 487119609
3293687620 2344530218
446323333 4338452835
7.44776E+17 2768557727
190267152 10915042
3867945679 8.08644E+17
1.06696E+18 2344530218
3197518417 1.01491E+18
1241814552 1241814552
1.01182E+18 1602764971
1.01182E+18 381070776
2202340974 2344530218
423847851 1.21108E+18
157250989 10671602
1.01182E+18 2240955592
1.01182E+18 1.10617E+18
1.15205E+18 2920033789
1.00423E+18 9.49312E+17
1.01182E+18 2242987496
1.01182E+18 8.93775E+17
39387668 2385131
868665666 1571967648
754517918 5685812
82514125 1132243872
1.17461E+18 3062012287
8.85513E+17 1.00423E+18
321303034 2445765961
3386602930 1.21047E+18
1.1097E+18 13074042
68823009 235261861
53833682 4338452835
9.25683E+17 2920033789
2427666512 1400489058
8.74457E+17 1132243872
1.01182E+18 2330223926
26005455 226310002
8.53034E+17 7.47194E+17
2349907753 328130890
7.8479E+17 503776268
1.21162E+18 3065972386
2468540724 1241814552
951960446 108899342
264133254 308613286
597868047 13074042
7.69359E+17 2920033789
1528525790 1117333567
1117333567 1.17236E+18
1.01182E+18 1537170692
8.24071E+17 3867945679
156959224 2303856248
1.20019E+18 177729631
19908378 1.13493E+18
2256162268 3867945679
1.06696E+18 15754281
69133574 1241814552
212192216 9.23514E+17
1.15004E+18 30290980
9.04725E+17 2397601188
128042269 14109167
1.01182E+18 188423774
10915042 11670602
2972141345 534563976
1.17498E+18 3065972386
3651992175 2768557727
3307397045 2920033789
1.14023E+18 1823987821
1.01182E+18 487119609
1.01182E+18 8824902
1.01182E+18 39530187
129026706 423847851
235232210 9.76419E+17
1921106143 1.09977E+18
108979413 33861734
19908378 894518852
59057485 1.01491E+18
1965998539 48707597
1.07501E+18 46245868
1.01182E+18 129386861
1.07501E+18 350283265
23760451 19304217
14770018 169974815
8.94362E+17 13334762
1.21047E+18 2934044965
1.01182E+18 1.1903E+18
3026932738 3958405758
1031856860 503776268
7.84904E+17 1260514195
1.07501E+18 2330223926
2474626477 2476114508
1.13637E+18 487119609
1.17461E+18 404618066
1.01182E+18 88731801
7.06797E+17 2330223926
1.01182E+18 3092381638
8.12555E+17 3062012287
8.85513E+17 9.72679E+17
1.143E+18 2344530218
1611951505 43139414
2256162268 1.01491E+18
1958816220 71684691
1.08742E+18 894518852
3197518417 2369530147
1.03542E+18 1.01491E+18
9.777E+17 2499047479
125137988 13074042
235698448 525529406
4241359336 169974815
3266733445 169974815
172942846 2912107471
69133574 3030511365
4213994177 7.12455E+17
633700365 1.16531E+18
1.01182E+18 177729631
101366533 9.74141E+17
2704581690 1.13185E+18
741517452 525529406
101366533 2344530218
1.04956E+18 1.01182E+18
2732676081 1374177660
2474626477 9.74141E+17
1242331776 1324960710
420976205 1.14846E+18
1594165760 400409011
3293687620 48707597
409999122 2242987496
7.37142E+17 3867945679
24228154 13074042
44752206 3230388598
1.01182E+18 14591071
8.62315E+17 862642152
1525478358 2344530218
2458153957 254624300
346069550 254107028
9.24173E+17 2369530147
859116252 15821353
513351911 13074042
7.12455E+17 7.36377E+17
3240601754 71684691
54091564 2476114508
1.20413E+18 71684691
8.24071E+17 3062012287
16967457 1068951084
8.01485E+17 9.74141E+17
1.13289E+18 4338452835
8.44153E+17 1324960710
731279155 13074042
4633772304 827801822
16593420 235261861
2297054509 4263007693
452355286 15821353
1.01182E+18 238672768
9596682 235261861
1.01182E+18 8.38911E+17
1394022188 14351134
262811152 1212465001
1.04365E+18 481867656
7.05567E+17 7.88899E+17
9.24173E+17 1.01491E+18
9.7162E+17 9.24173E+17
